0	315.71	230909	315.71
1	317.45	8705.79	317.45
2	317.5	4289.96	317.5
3	317.1	2893.29	317.1
4	315.86	2062.88	315.86
5	314.93	1697.73	314.93
6	313.2	1371.05	313.2
7	312.66	1201.14	312.66
8	313.33	1086.29	313.33
9	314.67	954.486	314.67
10	315.62	881.09	315.62
11	316.38	734.795	316.38
12	316.71	714.728	316.71
13	317.72	689.107	317.72
14	318.29	604.126	318.29
15	318.15	495.245	318.15
16	316.54	555.684	316.54
17	314.8	516.562	314.8
18	313.84	472.244	313.84
19	313.26	449.679	313.26
20	314.8	422.068	314.8
21	315.58	410.009	315.58
22	316.43	363.519	316.43
23	316.97	380.118	316.97
24	317.58	390.32	317.58
25	319.02	349.189	319.02
26	320.03	308.323	320.03
27	319.59	328.112	319.59
28	318.18	305.226	318.18
29	315.91	278.477	315.91
30	314.16	279.481	314.16
31	313.83	276.303	313.83
32	315	267.672	315
33	316.19	243.123	316.19
34	316.93	245.033	316.93
35	317.7	229.517	317.7
36	318.54	234.485	318.54
37	319.48	217.625	319.48
38	320.58	230.107	320.58
39	319.77	216.521	319.77
40	318.57	210.439	318.57
41	316.79	207.881	316.79
42	314.8	210.3	314.8
43	315.38	212.97	315.38
44	316.1	181.659	316.1
45	317.01	188.802	317.01
46	317.94	178.64	317.94
47	318.56	169.573	318.56
48	319.68	177.833	319.68
49	320.63	167.584	320.63
50	321.01	173.145	321.01
51	320.55	149.692	320.55
52	319.58	153.52	319.58
53	317.4	136.515	317.4
54	316.26	152.632	316.26
55	315.42	832.631	315.42
56	316.69	329.822	316.69
57	317.69	204.435	317.69
58	318.74	182.949	318.74
59	319.08	185.156	319.08
60	319.86	166.996	319.86
61	321.39	155.818	321.39
62	322.25	152.669	322.25
63	321.47	161.105	321.47
64	319.74	154.33	319.74
65	317.77	138.81	317.77
66	316.21	138.987	316.21
67	315.99	139.562	315.99
68	317.12	128.631	317.12
69	318.31	129.48	318.31
70	319.57	126.785	319.57
71	320.07	135.321	320.07
72	320.73	129.686	320.73
73	321.77	132.354	321.77
74	322.25	127.316	322.25
75	321.89	118.951	321.89
76	320.44	116.124	320.44
77	318.7	119.235	318.7
78	316.7	119.118	316.7
79	316.79	113.649	316.79
80	317.79	111.066	317.79
81	318.71	120.031	318.71
82	319.44	105.269	319.44
83	320.44	107.106	320.44
84	320.89	113.727	320.89
85	322.13	108.303	322.13
86	322.16	105.998	322.16
87	321.87	100.304	321.87
88	321.39	101.446	321.39
89	318.81	97.0169	318.81
90	317.81	97.3617	317.81
91	317.3	102.001	317.3
92	318.87	95.6913	318.87
93	319.42	103.166	319.42
94	320.62	108.662	320.62
95	321.59	98.4352	321.59
96	322.39	94.0594	322.39
97	323.87	93.2114	323.87
98	324.01	89.3804	324.01
99	323.75	92.4544	323.75
100	322.39	86.3012	322.39
101	320.37	86.2795	320.37
102	318.64	84.5056	318.64
103	318.1	80.6652	318.1
104	319.79	81.0226	319.79
105	321.08	82.2726	321.08
106	322.07	83.9497	322.07
107	322.5	71.9158	322.5
108	323.04	69.3201	323.04
109	324.42	84.1718	324.42
110	325	175.492	325
111	324.09	169.8	324.09
112	322.55	105.4	322.55
113	320.92	102.1	320.92
114	319.31	90.6789	319.31
115	319.31	88.5004	319.31
116	320.72	89.9241	320.72
117	321.96	85.7446	321.96
118	322.57	79.6133	322.57
119	323.15	89.8768	323.15
120	323.89	73.2349	323.89
121	325.02	72.8296	325.02
122	325.57	73.2022	325.57
123	325.36	86.854	325.36
124	324.14	77.2294	324.14
125	322.03	70.7596	322.03
126	320.41	74.5596	320.41
127	320.25	69.6147	320.25
128	321.31	73.4576	321.31
129	322.84	75.294	322.84
130	324	77.9835	324
131	324.42	72.2767	324.42
132	325.64	71.2285	325.64
133	326.66	66.0257	326.66
134	327.34	70.5496	327.34
135	326.76	67.3969	326.76
136	325.88	79.221	325.88
137	323.67	70.1792	323.67
138	322.38	65.625	322.38
139	321.78	65.7685	321.78
140	322.85	62.0981	322.85
141	324.11	64.6708	324.11
142	325.03	59.8676	325.03
143	325.99	68.8239	325.99
144	326.87	64.4716	326.87
145	328.13	60.1168	328.13
146	328.07	69.087	328.07
147	327.66	59.4844	327.66
148	326.35	68.9305	326.35
149	324.69	64.7393	324.69
150	323.1	59.917	323.1
151	323.16	58.9818	323.16
152	323.98	60.3763	323.98
153	325.13	59.5737	325.13
154	326.17	60.2136	326.17
155	326.68	59.2797	326.68
156	327.18	63.4788	327.18
157	327.78	57.9469	327.78
158	328.92	66.1205	328.92
159	328.57	59.9572	328.57
160	327.34	61.6698	327.34
161	325.46	59.2837	325.46
162	323.36	66.3211	323.36
163	323.57	51.2204	323.57
164	324.8	55.5019	324.8
165	326.01	52.4684	326.01
166	326.77	63.504	326.77
167	327.63	62.7486	327.63
168	327.75	58.8107	327.75
169	329.72	62.8364	329.72
170	330.07	63.3034	330.07
171	329.09	54.2658	329.09
172	328.05	60.9508	328.05
173	326.32	62.7728	326.32
174	324.93	55.7553	324.93
175	325.06	58.549	325.06
176	326.5	50.4243	326.5
177	327.55	60.7149	327.55
178	328.54	63.3119	328.54
179	329.56	57.8519	329.56
180	330.3	58.1684	330.3
181	331.5	57.7726	331.5
182	332.48	52.4216	332.48
183	332.07	56.3703	332.07
184	330.87	55.8012	330.87
185	329.31	57.9559	329.31
186	327.51	58.4121	327.51
187	327.18	54.5777	327.18
188	328.16	48.2535	328.16
189	328.64	50.299	328.64
190	329.35	51.5141	329.35
191	330.71	59.9058	330.71
192	331.48	52.8906	331.48
193	332.65	54.8873	332.65
194	333.19	52.9148	333.19
195	332.12	47.8999	332.12
196	330.99	48.0437	330.99
197	329.17	51.5969	329.17
198	327.41	54.1977	327.41
199	327.21	48.8926	327.21
200	328.34	51.498	328.34
201	329.5	52.0211	329.5
202	330.68	52.1847	330.68
203	331.41	49.6222	331.41
204	331.85	51.7913	331.85
205	333.29	51.3559	333.29
206	333.91	47.9607	333.91
207	333.4	49.3344	333.4
208	331.74	49.6364	331.74
209	329.88	48.3727	329.88
210	328.57	51.8507	328.57
211	328.36	41.7295	328.36
212	329.33	52.9928	329.33
213	330.59	50.9248	330.59
214	331.66	55.7187	331.66
215	332.75	43.8864	332.75
216	333.46	48.9288	333.46
217	334.78	50.002	334.78
218	334.78	42.9068	334.78
219	334.06	44.1337	334.06
220	332.95	44.5612	332.95
221	330.64	64.9461	330.64
222	328.96	53.8524	328.96
223	328.77	43.6211	328.77
224	330.18	52.626	330.18
225	331.65	50.3079	331.65
226	332.69	37.9318	332.69
227	333.23	45.1865	333.23
228	334.97	50.4916	334.97
229	336.03	49.2311	336.03
230	336.82	52.8356	336.82
231	336.1	41.5086	336.1
232	334.79	51.9653	334.79
233	332.53	45.6476	332.53
234	331.19	43.6354	331.19
235	331.21	40.0821	331.21
236	332.35	45.9031	332.35
237	333.47	51.2968	333.47
238	335.1	46.0593	335.1
239	335.26	45.5388	335.26
240	336.61	44.0825	336.61
241	337.77	47.1246	337.77
242	338	48.6122	338
243	337.98	40.8875	337.98
244	336.48	45.2602	336.48
245	334.37	51.5021	334.37
246	332.33	48.5696	332.33
247	332.41	40.1978	332.41
248	333.76	47.6066	333.76
249	334.83	47.3408	334.83
250	336.21	44.9141	336.21
251	336.65	44.6321	336.65
252	338.13	46.8862	338.13
253	338.94	47.9946	338.94
254	339	45.9096	339
255	339.2	48.0166	339.2
256	337.6	42.3553	337.6
257	335.56	43.6243	335.56
258	333.93	43.5931	333.93
259	334.12	42.1764	334.12
260	335.26	45.0399	335.26
261	336.78	43.3608	336.78
262	337.8	40.7758	337.8
263	338.28	42.6848	338.28
264	340.04	40.1587	340.04
265	340.86	39.955	340.86
266	341.47	41.6462	341.47
267	341.26	48.7213	341.26
268	339.34	40.8718	339.34
269	337.45	49.3778	337.45
270	336.1	47.9817	336.1
271	336.05	44.0088	336.05
272	337.21	44.6236	337.21
273	338.29	38.2179	338.29
274	339.36	42.1501	339.36
275	340.51	46.8404	340.51
276	341.57	50.3379	341.57
277	342.56	49.7887	342.56
278	343.01	41.2666	343.01
279	342.49	43.8172	342.49
280	340.68	45.6339	340.68
281	338.49	39.8819	338.49
282	336.92	45.4856	336.92
283	337.12	45.9544	337.12
284	338.59	46.1465	338.59
285	339.9	44.6045	339.9
286	340.92	42.8714	340.92
287	341.69	44.2878	341.69
288	342.85	45.4866	342.85
289	343.92	46.727	343.92
290	344.67	41.3884	344.67
291	343.78	46.7833	343.78
292	342.23	44.2407	342.23
293	340.11	39.8932	340.11
294	338.32	40.6893	338.32
295	338.39	42.0371	338.39
296	339.48	43.2628	339.48
297	340.88	42.5858	340.88
298	341.64	43.8728	341.64
299	342.87	46.002	342.87
300	343.59	44.9548	343.59
301	345.25	40.5723	345.25
302	345.96	37.4265	345.96
303	345.52	40.8556	345.52
304	344.15	44.6236	344.15
305	342.25	43.9437	342.25
306	340.17	37.78	340.17
307	340.3	46.7262	340.3
308	341.53	38.4796	341.53
309	343.07	40.7092	343.07
310	344.05	41.6167	344.05
311	344.77	43.2177	344.77
312	345.46	45.0442	345.46
313	346.77	50.7882	346.77
314	347.55	46.644	347.55
315	346.98	46.9958	346.98
316	345.55	43.1673	345.55
317	343.2	39.7404	343.2
318	341.35	46.4791	341.35
319	341.68	39.7766	341.68
320	343.06	41.9928	343.06
321	344.54	39.9076	344.54
322	345.25	44.9533	345.25
323	346.06	49.3097	346.06
324	347.66	50.3545	347.66
325	348.2	41.5528	348.2
326	348.92	43.441	348.92
327	348.4	45.6119	348.4
328	346.66	39.3953	346.66
329	344.85	38.8804	344.85
330	343.2	40.4338	343.2
331	343.08	41.44	343.08
332	344.4	40.4338	344.4
333	345.82	38.8804	345.82
334	346.54	39.3953	346.54
335	347.13	45.6119	347.13
336	348.05	43.441	348.05
337	349.77	41.5528	349.77
338	350.53	50.3545	350.53
339	349.9	49.3097	349.9
340	348.11	44.9533	348.11
341	346.09	39.9076	346.09
342	345.01	41.9928	345.01
343	344.47	39.7766	344.47
344	345.86	46.4791	345.86
345	347.15	39.7404	347.15
346	348.38	43.1673	348.38
347	348.7	46.9958	348.7
348	349.72	46.644	349.72
349	351.32	50.7882	351.32
350	352.14	45.0442	352.14
351	351.61	43.2177	351.61
352	349.91	41.6167	349.91
353	347.84	40.7092	347.84
354	346.52	38.4796	346.52
355	346.65	46.7262	346.65
356	347.96	37.78	347.96
357	349.18	43.9437	349.18
358	350.38	44.6236	350.38
359	351.68	40.8556	351.68
360	352.24	37.4265	352.24
361	353.66	40.5723	353.66
362	354.18	44.9548	354.18
363	353.68	46.002	353.68
364	352.58	43.8728	352.58
365	350.65	42.5858	350.65
366	349.03	43.2628	349.03
367	349.08	42.0371	349.08
368	350.15	40.6893	350.15
369	351.44	39.8932	351.44
370	352.89	44.2407	352.89
371	353.24	46.7833	353.24
372	353.8	41.3884	353.8
373	355.59	46.727	355.59
374	355.89	45.4866	355.89
375	355.3	44.2878	355.3
376	353.98	42.8714	353.98
377	351.53	44.6045	351.53
378	350.02	46.1465	350.02
379	350.29	45.9544	350.29
380	351.44	45.4856	351.44
381	352.84	39.8819	352.84
382	353.79	45.6339	353.79
383	354.88	43.8172	354.88
384	355.65	41.2666	355.65
385	356.27	49.7887	356.27
386	357.29	50.3379	357.29
387	356.32	46.8404	356.32
388	354.88	42.1501	354.88
389	352.89	38.2179	352.89
390	351.28	44.6236	351.28
391	351.59	44.0088	351.59
392	353.05	47.9817	353.05
393	354.27	49.3778	354.27
394	354.87	40.8718	354.87
395	355.68	48.7213	355.68
396	357.06	41.6462	357.06
397	358.51	39.955	358.51
398	359.09	40.1587	359.09
399	358.1	42.6848	358.1
400	356.12	40.7758	356.12
401	353.89	43.3608	353.89
402	352.3	45.0399	352.3
403	352.32	42.1764	352.32
404	353.79	43.5931	353.79
405	355.07	43.6243	355.07
406	356.17	42.3553	356.17
407	356.93	48.0166	356.93
408	357.82	45.9096	357.82
409	359	47.9946	359
410	359.55	46.8862	359.55
411	359.32	44.6321	359.32
412	356.85	44.9141	356.85
413	354.91	47.3408	354.91
414	352.93	47.6066	352.93
415	353.31	40.1978	353.31
416	354.27	48.5696	354.27
417	355.53	51.5021	355.53
418	356.86	45.2602	356.86
419	357.27	40.8875	357.27
420	358.36	48.6122	358.36
421	359.27	47.1246	359.27
422	360.19	44.0825	360.19
423	359.52	45.5388	359.52
424	357.42	46.0593	357.42
425	355.46	51.2968	355.46
426	354.1	45.9031	354.1
427	354.12	40.0821	354.12
428	355.4	43.6354	355.4
429	356.84	45.6476	356.84
430	358.22	51.9653	358.22
431	358.98	41.5086	358.98
432	359.91	52.8356	359.91
433	361.32	49.2311	361.32
434	361.68	50.4916	361.68
435	360.8	45.1865	360.8
436	359.39	37.9318	359.39
437	357.42	50.3079	357.42
438	355.63	52.626	355.63
439	356.09	43.6211	356.09
440	357.56	53.8524	357.56
441	358.87	64.9461	358.87
442	359.87	44.5612	359.87
443	360.79	44.1337	360.79
444	361.77	42.9068	361.77
445	363.23	50.002	363.23
446	363.77	48.9288	363.77
447	363.22	43.8864	363.22
448	361.7	55.7187	361.7
449	359.11	50.9248	359.11
450	358.11	52.9928	358.11
451	357.97	41.7295	357.97
452	359.4	51.8507	359.4
453	360.61	48.3727	360.61
454	362.04	49.6364	362.04
455	363.17	49.3344	363.17
456	364.17	47.9607	364.17
457	364.51	51.3559	364.51
458	365.16	51.7913	365.16
459	364.93	49.6222	364.93
460	363.53	52.1847	363.53
461	361.38	52.0211	361.38
462	359.6	51.498	359.6
463	359.54	48.8926	359.54
464	360.84	54.1977	360.84
465	362.18	51.5969	362.18
466	363.04	48.0437	363.04
467	364.09	47.8999	364.09
468	364.47	52.9148	364.47
469	366.25	54.8873	366.25
470	366.69	52.8906	366.69
471	365.59	59.9058	365.59
472	364.34	51.5141	364.34
473	362.2	50.299	362.2
474	360.31	48.2535	360.31
475	360.71	54.5777	360.71
476	362.44	58.4121	362.44
477	364.33	57.9559	364.33
478	365.18	55.8012	365.18
479	365.98	56.3703	365.98
480	367.13	52.4216	367.13
481	368.61	57.7726	368.61
482	369.49	58.1684	369.49
483	368.95	57.8519	368.95
484	367.74	63.3119	367.74
485	365.79	60.7149	365.79
486	364.01	50.4243	364.01
487	364.35	58.549	364.35
488	365.52	55.7553	365.52
489	367.08	62.7728	367.08
490	368.12	60.9508	368.12
491	368.98	54.2658	368.98
492	369.6	63.3034	369.6
493	370.96	62.8364	370.96
494	370.77	58.8107	370.77
495	370.33	62.7486	370.33
496	369.28	63.504	369.28
497	366.86	52.4684	366.86
498	364.94	55.5019	364.94
499	365.35	51.2204	365.35
500	366.68	66.3211	366.68
501	368.04	59.2837	368.04
502	369.25	61.6698	369.25
503	369.5	59.9572	369.5
504	370.56	66.1205	370.56
505	371.82	57.9469	371.82
506	371.51	63.4788	371.51
507	371.71	59.2797	371.71
508	369.85	60.2136	369.85
509	368.2	59.5737	368.2
510	366.91	60.3763	366.91
511	366.99	58.9818	366.99
512	368.33	59.917	368.33
513	369.67	64.7393	369.67
514	370.52	68.9305	370.52
515	371.49	59.4844	371.49
516	372.53	69.087	372.53
517	373.37	60.1168	373.37
518	373.82	64.4716	373.82
519	373.18	68.8239	373.18
520	371.57	59.8676	371.57
521	369.63	64.6708	369.63
522	368.16	62.0981	368.16
523	368.42	65.7685	368.42
524	369.69	65.625	369.69
525	371.18	70.1792	371.18
526	372.45	79.221	372.45
527	373.14	67.3969	373.14
528	373.93	70.5496	373.93
529	375	66.0257	375
530	375.65	71.2285	375.65
531	375.5	72.2767	375.5
532	374	77.9835	374
533	371.83	75.294	371.83
534	370.66	73.4576	370.66
535	370.51	69.6147	370.51
536	372.2	74.5596	372.2
537	373.71	70.7596	373.71
538	374.87	77.2294	374.87
539	375.62	86.854	375.62
540	376.48	73.2022	376.48
541	377.74	72.8296	377.74
542	378.5	73.2349	378.5
543	378.18	89.8768	378.18
544	376.72	79.6133	376.72
545	374.31	85.7446	374.31
546	373.2	89.9241	373.2
547	373.1	88.5004	373.1
548	374.64	90.6789	374.64
549	375.93	102.1	375.93
550	377	105.4	377
551	377.87	169.8	377.87
552	378.73	175.492	378.73
553	380.41	84.1718	380.41
554	380.63	69.3201	380.63
555	379.56	71.9158	379.56
556	377.61	83.9497	377.61
557	376.15	82.2726	376.15
558	374.11	81.0226	374.11
559	374.44	80.6652	374.44
560	375.93	84.5056	375.93
561	377.45	86.2795	377.45
562	378.47	86.3012	378.47
563	379.76	92.4544	379.76
564	381.14	89.3804	381.14
565	382.2	93.2114	382.2
566	382.47	94.0594	382.47
567	382.2	98.4352	382.2
568	380.78	108.662	380.78
569	378.73	103.166	378.73
570	376.66	95.6913	376.66
571	376.98	102.001	376.98
572	378.29	97.3617	378.29
573	379.92	97.0169	379.92
574	381.35	101.446	381.35
575	382.16	100.304	382.16
576	382.66	105.998	382.66
577	384.73	108.303	384.73
578	384.98	113.727	384.98
579	384.09	107.106	384.09
580	382.38	105.269	382.38
581	380.45	120.031	380.45
582	378.92	111.066	378.92
583	379.16	113.649	379.16
584	380.18	119.118	380.18
585	381.79	119.235	381.79
586	382.93	116.124	382.93
587	383.81	118.951	383.81
588	384.56	127.316	384.56
589	386.4	132.354	386.4
590	386.58	129.686	386.58
591	386.05	135.321	386.05
592	384.49	126.785	384.49
593	382	129.48	382
594	380.9	128.631	380.9
595	381.14	139.562	381.14
596	382.42	138.987	382.42
597	383.89	138.81	383.89
598	385.44	154.33	385.44
599	385.73	161.105	385.73
600	385.97	152.669	385.97
601	387.16	155.818	387.16
602	388.5	166.996	388.5
603	387.88	185.156	387.88
604	386.42	182.949	386.42
605	384.15	204.435	384.15
606	383.09	329.822	383.09
607	382.99	832.631	382.99
608	384.13	152.632	384.13
609	385.56	136.515	385.56
610	386.94	153.52	386.94
611	387.42	149.692	387.42
612	388.77	173.145	388.77
613	389.44	167.584	389.44
614	390.19	177.833	390.19
615	389.45	169.573	389.45
616	387.78	178.64	387.78
617	385.92	188.802	385.92
618	384.79	181.659	384.79
619	384.39	212.97	384.39
620	386	210.3	386
621	387.31	207.881	387.31
622	388.5	210.439	388.5
623	389.94	216.521	389.94
624	391.09	230.107	391.09
625	392.52	217.625	392.52
626	393.04	234.485	393.04
627	392.15	229.517	392.15
628	390.22	245.033	390.22
629	388.26	243.123	388.26
630	386.83	267.672	386.83
631	387.2	276.303	387.2
632	388.65	279.481	388.65
633	389.73	278.477	389.73
634	391.25	305.226	391.25
635	391.82	328.112	391.82
636	392.49	308.323	392.49
637	393.34	349.189	393.34
638	394.21	390.32	394.21
639	393.72	380.118	393.72
640	392.42	363.519	392.42
641	390.19	410.009	390.19
642	389.04	422.068	389.04
643	388.96	449.679	388.96
644	390.24	472.244	390.24
645	391.83	516.562	391.83
646	393.12	555.684	393.12
647	393.6	495.245	393.6
648	394.45	604.126	394.45
649	396.18	689.107	396.18
650	396.78	714.728	396.78
651	395.83	734.795	395.83
652	394.3	881.09	394.3
653	392.41	954.486	392.41
654	391.06	1086.29	391.06
655	391.01	1201.14	391.01
656	392.81	1371.05	392.81
657	394.28	1697.73	394.28
658	395.51	2062.88	395.51
659	396.8	2893.29	396.8
660	397.32	4289.96	397.32
661	398.39	8705.79	398.39
