0	315.71	315.71
1	317.45	317.45
2	317.5	317.5
4	315.86	315.86
5	314.93	314.93
6	313.2	313.2
8	313.33	313.33
9	314.67	314.67
10	315.62	315.62
11	316.38	316.38
12	316.71	316.71
13	317.72	317.72
14	318.29	318.29
15	318.15	318.15
16	316.54	316.54
17	314.8	314.8
18	313.84	313.84
19	313.26	313.26
20	314.8	314.8
21	315.58	315.58
22	316.43	316.43
23	316.97	316.97
24	317.58	317.58
25	319.02	319.02
26	320.03	320.03
27	319.59	319.59
28	318.18	318.18
29	315.91	315.91
30	314.16	314.16
31	313.83	313.83
32	315	315
33	316.19	316.19
34	316.93	316.93
35	317.7	317.7
36	318.54	318.54
37	319.48	319.48
38	320.58	320.58
39	319.77	319.77
40	318.57	318.57
41	316.79	316.79
42	314.8	314.8
43	315.38	315.38
44	316.1	316.1
45	317.01	317.01
46	317.94	317.94
47	318.56	318.56
48	319.68	319.68
49	320.63	320.63
50	321.01	321.01
51	320.55	320.55
52	319.58	319.58
53	317.4	317.4
54	316.26	316.26
55	315.42	315.42
56	316.69	316.69
57	317.69	317.69
58	318.74	318.74
59	319.08	319.08
60	319.86	319.86
61	321.39	321.39
62	322.25	322.25
63	321.47	321.47
64	319.74	319.74
65	317.77	317.77
66	316.21	316.21
67	315.99	315.99
68	317.12	317.12
69	318.31	318.31
70	319.57	319.57
74	322.25	322.25
75	321.89	321.89
76	320.44	320.44
77	318.7	318.7
78	316.7	316.7
79	316.79	316.79
80	317.79	317.79
81	318.71	318.71
82	319.44	319.44
83	320.44	320.44
84	320.89	320.89
85	322.13	322.13
86	322.16	322.16
87	321.87	321.87
88	321.39	321.39
89	318.81	318.81
90	317.81	317.81
91	317.3	317.3
92	318.87	318.87
93	319.42	319.42
94	320.62	320.62
95	321.59	321.59
96	322.39	322.39
97	323.87	323.87
98	324.01	324.01
99	323.75	323.75
100	322.39	322.39
101	320.37	320.37
102	318.64	318.64
103	318.1	318.1
104	319.79	319.79
105	321.08	321.08
106	322.07	322.07
107	322.5	322.5
108	323.04	323.04
109	324.42	324.42
110	325	325
111	324.09	324.09
112	322.55	322.55
113	320.92	320.92
114	319.31	319.31
115	319.31	319.31
116	320.72	320.72
117	321.96	321.96
118	322.57	322.57
119	323.15	323.15
120	323.89	323.89
121	325.02	325.02
122	325.57	325.57
123	325.36	325.36
124	324.14	324.14
125	322.03	322.03
126	320.41	320.41
127	320.25	320.25
128	321.31	321.31
129	322.84	322.84
130	324	324
131	324.42	324.42
132	325.64	325.64
133	326.66	326.66
134	327.34	327.34
135	326.76	326.76
136	325.88	325.88
137	323.67	323.67
138	322.38	322.38
139	321.78	321.78
140	322.85	322.85
141	324.11	324.11
142	325.03	325.03
143	325.99	325.99
144	326.87	326.87
145	328.13	328.13
146	328.07	328.07
147	327.66	327.66
148	326.35	326.35
149	324.69	324.69
150	323.1	323.1
151	323.16	323.16
152	323.98	323.98
153	325.13	325.13
154	326.17	326.17
155	326.68	326.68
156	327.18	327.18
157	327.78	327.78
158	328.92	328.92
159	328.57	328.57
160	327.34	327.34
161	325.46	325.46
162	323.36	323.36
163	323.57	323.57
164	324.8	324.8
165	326.01	326.01
166	326.77	326.77
167	327.63	327.63
168	327.75	327.75
169	329.72	329.72
170	330.07	330.07
171	329.09	329.09
172	328.05	328.05
173	326.32	326.32
174	324.93	324.93
175	325.06	325.06
176	326.5	326.5
177	327.55	327.55
178	328.54	328.54
179	329.56	329.56
180	330.3	330.3
181	331.5	331.5
182	332.48	332.48
183	332.07	332.07
184	330.87	330.87
185	329.31	329.31
186	327.51	327.51
187	327.18	327.18
188	328.16	328.16
189	328.64	328.64
190	329.35	329.35
191	330.71	330.71
192	331.48	331.48
193	332.65	332.65
194	333.19	333.19
195	332.12	332.12
196	330.99	330.99
197	329.17	329.17
198	327.41	327.41
199	327.21	327.21
200	328.34	328.34
201	329.5	329.5
202	330.68	330.68
203	331.41	331.41
204	331.85	331.85
205	333.29	333.29
206	333.91	333.91
207	333.4	333.4
208	331.74	331.74
209	329.88	329.88
210	328.57	328.57
211	328.36	328.36
212	329.33	329.33
214	331.66	331.66
215	332.75	332.75
216	333.46	333.46
217	334.78	334.78
218	334.78	334.78
219	334.06	334.06
220	332.95	332.95
221	330.64	330.64
222	328.96	328.96
223	328.77	328.77
224	330.18	330.18
225	331.65	331.65
226	332.69	332.69
227	333.23	333.23
228	334.97	334.97
229	336.03	336.03
230	336.82	336.82
231	336.1	336.1
232	334.79	334.79
233	332.53	332.53
234	331.19	331.19
235	331.21	331.21
236	332.35	332.35
237	333.47	333.47
238	335.1	335.1
239	335.26	335.26
240	336.61	336.61
241	337.77	337.77
242	338	338
243	337.98	337.98
244	336.48	336.48
245	334.37	334.37
246	332.33	332.33
247	332.41	332.41
248	333.76	333.76
249	334.83	334.83
250	336.21	336.21
251	336.65	336.65
252	338.13	338.13
253	338.94	338.94
254	339	339
255	339.2	339.2
256	337.6	337.6
257	335.56	335.56
258	333.93	333.93
259	334.12	334.12
260	335.26	335.26
261	336.78	336.78
262	337.8	337.8
263	338.28	338.28
264	340.04	340.04
265	340.86	340.86
266	341.47	341.47
267	341.26	341.26
268	339.34	339.34
269	337.45	337.45
270	336.1	336.1
271	336.05	336.05
272	337.21	337.21
273	338.29	338.29
274	339.36	339.36
275	340.51	340.51
276	341.57	341.57
277	342.56	342.56
278	343.01	343.01
279	342.49	342.49
280	340.68	340.68
281	338.49	338.49
282	336.92	336.92
283	337.12	337.12
284	338.59	338.59
285	339.9	339.9
286	340.92	340.92
287	341.69	341.69
288	342.85	342.85
289	343.92	343.92
290	344.67	344.67
291	343.78	343.78
292	342.23	342.23
293	340.11	340.11
294	338.32	338.32
295	338.39	338.39
296	339.48	339.48
297	340.88	340.88
298	341.64	341.64
299	342.87	342.87
300	343.59	343.59
301	345.25	345.25
302	345.96	345.96
303	345.52	345.52
304	344.15	344.15
305	342.25	342.25
306	340.17	340.17
307	340.3	340.3
308	341.53	341.53
309	343.07	343.07
310	344.05	344.05
311	344.77	344.77
312	345.46	345.46
314	347.55	347.55
315	346.98	346.98
316	345.55	345.55
317	343.2	343.2
318	341.35	341.35
319	341.68	341.68
320	343.06	343.06
321	344.54	344.54
322	345.25	345.25
323	346.06	346.06
324	347.66	347.66
325	348.2	348.2
326	348.92	348.92
327	348.4	348.4
328	346.66	346.66
329	344.85	344.85
330	343.2	343.2
331	343.08	343.08
332	344.4	344.4
333	345.82	345.82
334	346.54	346.54
335	347.13	347.13
336	348.05	348.05
337	349.77	349.77
338	350.53	350.53
339	349.9	349.9
340	348.11	348.11
341	346.09	346.09
342	345.01	345.01
343	344.47	344.47
344	345.86	345.86
345	347.15	347.15
346	348.38	348.38
347	348.7	348.7
348	349.72	349.72
349	351.32	351.32
350	352.14	352.14
351	351.61	351.61
352	349.91	349.91
353	347.84	347.84
354	346.52	346.52
355	346.65	346.65
356	347.96	347.96
357	349.18	349.18
358	350.38	350.38
359	351.68	351.68
360	352.24	352.24
361	353.66	353.66
362	354.18	354.18
363	353.68	353.68
364	352.58	352.58
365	350.65	350.65
366	349.03	349.03
367	349.08	349.08
368	350.15	350.15
369	351.44	351.44
370	352.89	352.89
371	353.24	353.24
372	353.8	353.8
373	355.59	355.59
374	355.89	355.89
375	355.3	355.3
376	353.98	353.98
377	351.53	351.53
378	350.02	350.02
379	350.29	350.29
380	351.44	351.44
381	352.84	352.84
382	353.79	353.79
383	354.88	354.88
384	355.65	355.65
385	356.27	356.27
386	357.29	357.29
387	356.32	356.32
388	354.88	354.88
389	352.89	352.89
390	351.28	351.28
391	351.59	351.59
392	353.05	353.05
393	354.27	354.27
394	354.87	354.87
395	355.68	355.68
396	357.06	357.06
397	358.51	358.51
398	359.09	359.09
399	358.1	358.1
400	356.12	356.12
401	353.89	353.89
402	352.3	352.3
403	352.32	352.32
404	353.79	353.79
405	355.07	355.07
406	356.17	356.17
407	356.93	356.93
408	357.82	357.82
409	359	359
410	359.55	359.55
411	359.32	359.32
412	356.85	356.85
413	354.91	354.91
414	352.93	352.93
415	353.31	353.31
416	354.27	354.27
417	355.53	355.53
418	356.86	356.86
419	357.27	357.27
420	358.36	358.36
421	359.27	359.27
422	360.19	360.19
423	359.52	359.52
424	357.42	357.42
425	355.46	355.46
426	354.1	354.1
427	354.12	354.12
428	355.4	355.4
429	356.84	356.84
430	358.22	358.22
431	358.98	358.98
432	359.91	359.91
433	361.32	361.32
434	361.68	361.68
435	360.8	360.8
436	359.39	359.39
437	357.42	357.42
438	355.63	355.63
439	356.09	356.09
440	357.56	357.56
441	358.87	358.87
442	359.87	359.87
443	360.79	360.79
444	361.77	361.77
445	363.23	363.23
446	363.77	363.77
447	363.22	363.22
448	361.7	361.7
449	359.11	359.11
450	358.11	358.11
451	357.97	357.97
452	359.4	359.4
453	360.61	360.61
454	362.04	362.04
455	363.17	363.17
456	364.17	364.17
457	364.51	364.51
458	365.16	365.16
459	364.93	364.93
460	363.53	363.53
461	361.38	361.38
462	359.6	359.6
463	359.54	359.54
464	360.84	360.84
465	362.18	362.18
466	363.04	363.04
467	364.09	364.09
468	364.47	364.47
469	366.25	366.25
470	366.69	366.69
471	365.59	365.59
472	364.34	364.34
473	362.2	362.2
474	360.31	360.31
475	360.71	360.71
476	362.44	362.44
477	364.33	364.33
478	365.18	365.18
479	365.98	365.98
480	367.13	367.13
481	368.61	368.61
482	369.49	369.49
483	368.95	368.95
484	367.74	367.74
485	365.79	365.79
486	364.01	364.01
487	364.35	364.35
488	365.52	365.52
489	367.08	367.08
490	368.12	368.12
491	368.98	368.98
492	369.6	369.6
493	370.96	370.96
494	370.77	370.77
495	370.33	370.33
496	369.28	369.28
497	366.86	366.86
498	364.94	364.94
499	365.35	365.35
500	366.68	366.68
501	368.04	368.04
502	369.25	369.25
503	369.5	369.5
504	370.56	370.56
505	371.82	371.82
506	371.51	371.51
507	371.71	371.71
508	369.85	369.85
509	368.2	368.2
510	366.91	366.91
511	366.99	366.99
512	368.33	368.33
513	369.67	369.67
514	370.52	370.52
515	371.49	371.49
516	372.53	372.53
517	373.37	373.37
518	373.82	373.82
519	373.18	373.18
520	371.57	371.57
521	369.63	369.63
522	368.16	368.16
523	368.42	368.42
524	369.69	369.69
525	371.18	371.18
526	372.45	372.45
527	373.14	373.14
528	373.93	373.93
529	375	375
530	375.65	375.65
531	375.5	375.5
532	374	374
533	371.83	371.83
534	370.66	370.66
535	370.51	370.51
536	372.2	372.2
537	373.71	373.71
538	374.87	374.87
539	375.62	375.62
540	376.48	376.48
541	377.74	377.74
542	378.5	378.5
543	378.18	378.18
544	376.72	376.72
545	374.31	374.31
546	373.2	373.2
547	373.1	373.1
548	374.64	374.64
549	375.93	375.93
550	377	377
551	377.87	377.87
552	378.73	378.73
553	380.41	380.41
554	380.63	380.63
555	379.56	379.56
556	377.61	377.61
557	376.15	376.15
558	374.11	374.11
559	374.44	374.44
560	375.93	375.93
561	377.45	377.45
562	378.47	378.47
563	379.76	379.76
564	381.14	381.14
565	382.2	382.2
566	382.47	382.47
567	382.2	382.2
568	380.78	380.78
569	378.73	378.73
570	376.66	376.66
571	376.98	376.98
572	378.29	378.29
573	379.92	379.92
574	381.35	381.35
575	382.16	382.16
576	382.66	382.66
577	384.73	384.73
578	384.98	384.98
579	384.09	384.09
580	382.38	382.38
581	380.45	380.45
582	378.92	378.92
583	379.16	379.16
584	380.18	380.18
585	381.79	381.79
586	382.93	382.93
587	383.81	383.81
588	384.56	384.56
589	386.4	386.4
590	386.58	386.58
591	386.05	386.05
592	384.49	384.49
593	382	382
594	380.9	380.9
595	381.14	381.14
596	382.42	382.42
597	383.89	383.89
598	385.44	385.44
599	385.73	385.73
600	385.97	385.97
601	387.16	387.16
602	388.5	388.5
603	387.88	387.88
604	386.42	386.42
605	384.15	384.15
606	383.09	383.09
607	382.99	382.99
608	384.13	384.13
609	385.56	385.56
610	386.94	386.94
611	387.42	387.42
612	388.77	388.77
613	389.44	389.44
614	390.19	390.19
615	389.45	389.45
616	387.78	387.78
617	385.92	385.92
618	384.79	384.79
619	384.39	384.39
620	386	386
621	387.31	387.31
622	388.5	388.5
623	389.94	389.94
624	391.09	391.09
625	392.52	392.52
626	393.04	393.04
627	392.15	392.15
628	390.22	390.22
629	388.26	388.26
630	386.83	386.83
631	387.2	387.2
632	388.65	388.65
633	389.73	389.73
634	391.25	391.25
635	391.82	391.82
636	392.49	392.49
637	393.34	393.34
638	394.21	394.21
639	393.72	393.72
640	392.42	392.42
641	390.19	390.19
642	389.04	389.04
643	388.96	388.96
644	390.24	390.24
645	391.83	391.83
646	393.12	393.12
647	393.6	393.6
648	394.45	394.45
649	396.18	396.18
650	396.78	396.78
651	395.83	395.83
652	394.3	394.3
653	392.41	392.41
654	391.06	391.06
655	391.01	391.01
656	392.81	392.81
657	394.28	394.28
658	395.51	395.51
659	396.8	396.8
660	397.32	397.32
661	398.39	398.39
