1958.21 315.71 314.30
1958.29 317.45 314.37
1958.38 317.50 314.44
1958.46 317.10 314.50
1958.54 315.86 314.57
1958.62 314.93 314.64
1958.71 313.20 314.71
1958.79 312.66 314.78
1958.88 313.33 314.85
1958.96 314.67 314.91
1959.04 315.62 314.98
1959.12 316.38 315.05
1959.21 316.71 315.12
1959.29 317.72 315.19
1959.38 318.29 315.26
1959.46 318.15 315.33
1959.54 316.54 315.40
1959.62 314.80 315.47
1959.71 313.84 315.54
1959.79 313.26 315.61
1959.88 314.80 315.68
1959.96 315.58 315.75
1960.04 316.43 315.82
1960.12 316.97 315.89
1960.21 317.58 315.96
1960.29 319.02 316.03
1960.38 320.03 316.10
1960.46 319.59 316.18
1960.54 318.18 316.25
1960.62 315.91 316.32
1960.71 314.16 316.39
1960.79 313.83 316.46
1960.88 315.00 316.54
1960.96 316.19 316.61
1961.04 316.93 316.68
1961.12 317.70 316.76
1961.21 318.54 316.83
1961.29 319.48 316.90
1961.38 320.58 316.97
1961.46 319.77 317.05
1961.54 318.57 317.12
1961.62 316.79 317.20
1961.71 314.80 317.27
1961.79 315.38 317.35
1961.88 316.10 317.42
1961.96 317.01 317.49
1962.04 317.94 317.57
1962.12 318.56 317.64
1962.21 319.68 317.72
1962.29 320.63 317.79
1962.38 321.01 317.87
1962.46 320.55 317.94
1962.54 319.58 318.02
1962.62 317.40 318.10
1962.71 316.26 318.17
1962.79 315.42 318.25
1962.88 316.69 318.33
1962.96 317.69 318.40
1963.04 318.74 318.48
1963.12 319.08 318.56
1963.21 319.86 318.63
1963.29 321.39 318.71
1963.38 322.25 318.79
1963.46 321.47 318.87
1963.54 319.74 318.94
1963.62 317.77 319.02
1963.71 316.21 319.10
1963.79 315.99 319.18
1963.88 317.12 319.26
1963.96 318.31 319.34
1964.04 319.57 319.41
1964.12 320.07 319.49
1964.21 320.73 319.57
1964.29 321.77 319.65
1964.38 322.25 319.73
1964.46 321.89 319.81
1964.54 320.44 319.89
1964.62 318.70 319.97
1964.71 316.70 320.05
1964.79 316.79 320.13
1964.88 317.79 320.21
1964.96 318.71 320.29
1965.04 319.44 320.37
1965.12 320.44 320.46
1965.21 320.89 320.54
1965.29 322.13 320.62
1965.38 322.16 320.70
1965.46 321.87 320.78
1965.54 321.39 320.86
1965.62 318.81 320.95
1965.71 317.81 321.03
1965.79 317.30 321.11
1965.88 318.87 321.19
1965.96 319.42 321.27
1966.04 320.62 321.36
1966.12 321.59 321.44
1966.21 322.39 321.52
1966.29 323.87 321.61
1966.38 324.01 321.69
1966.46 323.75 321.77
1966.54 322.39 321.86
1966.62 320.37 321.94
1966.71 318.64 322.03
1966.79 318.10 322.11
1966.88 319.79 322.20
1966.96 321.08 322.28
1967.04 322.07 322.37
1967.12 322.50 322.45
1967.21 323.04 322.54
1967.29 324.42 322.62
1967.38 325.00 322.71
1967.46 324.09 322.79
1967.54 322.55 322.88
1967.62 320.92 322.97
1967.71 319.31 323.05
1967.79 319.31 323.14
1967.88 320.72 323.23
1967.96 321.96 323.31
1968.04 322.57 323.40
1968.12 323.15 323.49
1968.21 323.89 323.57
1968.29 325.02 323.66
1968.38 325.57 323.75
1968.46 325.36 323.84
1968.54 324.14 323.92
1968.62 322.03 324.01
1968.71 320.41 324.10
1968.79 320.25 324.19
1968.88 321.31 324.28
1968.96 322.84 324.37
1969.04 324.00 324.46
1969.12 324.42 324.55
1969.21 325.64 324.63
1969.29 326.66 324.72
1969.38 327.34 324.81
1969.46 326.76 324.90
1969.54 325.88 324.99
1969.62 323.67 325.08
1969.71 322.38 325.17
1969.79 321.78 325.27
1969.88 322.85 325.36
1969.96 324.11 325.45
1970.04 325.03 325.54
1970.12 325.99 325.63
1970.21 326.87 325.72
1970.29 328.13 325.81
1970.38 328.07 325.90
1970.46 327.66 325.99
1970.54 326.35 326.09
1970.62 324.69 326.18
1970.71 323.10 326.27
1970.79 323.16 326.37
1970.88 323.98 326.46
1970.96 325.13 326.55
1971.04 326.17 326.64
1971.12 326.68 326.74
1971.21 327.18 326.83
1971.29 327.78 326.92
1971.38 328.92 327.02
1971.46 328.57 327.11
1971.54 327.34 327.21
1971.62 325.46 327.30
1971.71 323.36 327.39
1971.79 323.57 327.49
1971.88 324.80 327.58
1971.96 326.01 327.68
1972.04 326.77 327.77
1972.12 327.63 327.87
1972.21 327.75 327.96
1972.29 329.72 328.06
1972.38 330.07 328.16
1972.46 329.09 328.25
1972.54 328.05 328.35
1972.62 326.32 328.44
1972.71 324.93 328.54
1972.79 325.06 328.64
1972.88 326.50 328.73
1972.96 327.55 328.83
1973.04 328.54 328.93
1973.12 329.56 329.03
1973.21 330.30 329.12
1973.29 331.50 329.22
1973.38 332.48 329.32
1973.46 332.07 329.42
1973.54 330.87 329.52
1973.62 329.31 329.61
1973.71 327.51 329.71
1973.79 327.18 329.81
1973.88 328.16 329.91
1973.96 328.64 330.01
1974.04 329.35 330.11
1974.12 330.71 330.21
1974.21 331.48 330.31
1974.29 332.65 330.41
1974.38 333.19 330.51
1974.46 332.12 330.61
1974.54 330.99 330.71
1974.62 329.17 330.81
1974.71 327.41 330.91
1974.79 327.21 331.01
1974.88 328.34 331.11
1974.96 329.50 331.21
1975.04 330.68 331.31
1975.12 331.41 331.41
1975.21 331.85 331.51
1975.29 333.29 331.62
1975.38 333.91 331.72
1975.46 333.40 331.82
1975.54 331.74 331.92
1975.62 329.88 332.02
1975.71 328.57 332.13
1975.79 328.36 332.23
1975.88 329.33 332.33
1975.96 330.59 332.43
1976.04 331.66 332.54
1976.12 332.75 332.64
1976.21 333.46 332.74
1976.29 334.78 332.85
1976.38 334.78 332.95
1976.46 334.06 333.06
1976.54 332.95 333.16
1976.62 330.64 333.27
1976.71 328.96 333.37
1976.79 328.77 333.48
1976.88 330.18 333.58
1976.96 331.65 333.68
1977.04 332.69 333.79
1977.12 333.23 333.90
1977.21 334.97 334.00
1977.29 336.03 334.11
1977.38 336.82 334.21
1977.46 336.10 334.32
1977.54 334.79 334.43
1977.62 332.53 334.53
1977.71 331.19 334.64
1977.79 331.21 334.75
1977.88 332.35 334.85
1977.96 333.47 334.96
1978.04 335.10 335.07
1978.12 335.26 335.17
1978.21 336.61 335.28
1978.29 337.77 335.39
1978.38 338.00 335.50
1978.46 337.98 335.61
1978.54 336.48 335.71
1978.62 334.37 335.82
1978.71 332.33 335.93
1978.79 332.41 336.04
1978.88 333.76 336.15
1978.96 334.83 336.26
1979.04 336.21 336.37
1979.12 336.65 336.48
1979.21 338.13 336.59
1979.29 338.94 336.70
1979.38 339.00 336.81
1979.46 339.20 336.92
1979.54 337.60 337.03
1979.62 335.56 337.14
1979.71 333.93 337.25
1979.79 334.12 337.36
1979.88 335.26 337.47
1979.96 336.78 337.58
1980.04 337.80 337.69
1980.12 338.28 337.80
1980.21 340.04 337.92
1980.29 340.86 338.03
1980.38 341.47 338.14
1980.46 341.26 338.25
1980.54 339.34 338.37
1980.62 337.45 338.48
1980.71 336.10 338.59
1980.79 336.05 338.70
1980.88 337.21 338.82
1980.96 338.29 338.93
1981.04 339.36 339.04
1981.12 340.51 339.16
1981.21 341.57 339.27
1981.29 342.56 339.38
1981.38 343.01 339.50
1981.46 342.49 339.61
1981.54 340.68 339.73
1981.62 338.49 339.84
1981.71 336.92 339.96
1981.79 337.12 340.07
1981.88 338.59 340.19
1981.96 339.90 340.30
1982.04 340.92 340.42
1982.12 341.69 340.53
1982.21 342.85 340.65
1982.29 343.92 340.76
1982.38 344.67 340.88
1982.46 343.78 341.00
1982.54 342.23 341.11
1982.62 340.11 341.23
1982.71 338.32 341.35
1982.79 338.39 341.46
1982.88 339.48 341.58
1982.96 340.88 341.70
1983.04 341.64 341.82
1983.12 342.87 341.93
1983.21 343.59 342.05
1983.29 345.25 342.17
1983.38 345.96 342.29
1983.46 345.52 342.40
1983.54 344.15 342.52
1983.62 342.25 342.64
1983.71 340.17 342.76
1983.79 340.30 342.88
1983.88 341.53 343.00
1983.96 343.07 343.12
1984.04 344.05 343.24
1984.12 344.77 343.36
1984.21 345.46 343.48
1984.29 346.77 343.60
1984.38 347.55 343.72
1984.46 346.98 343.84
1984.54 345.55 343.96
1984.62 343.20 344.08
1984.71 341.35 344.20
1984.79 341.68 344.32
1984.88 343.06 344.44
1984.96 344.54 344.56
1985.04 345.25 344.69
1985.12 346.06 344.81
1985.21 347.66 344.93
1985.29 348.20 345.05
1985.38 348.92 345.17
1985.46 348.40 345.29
1985.54 346.66 345.42
1985.62 344.85 345.54
1985.71 343.20 345.66
1985.79 343.08 345.79
1985.88 344.40 345.91
1985.96 345.82 346.03
1986.04 346.54 346.16
1986.12 347.13 346.28
1986.21 348.05 346.40
1986.29 349.77 346.53
1986.38 350.53 346.65
1986.46 349.90 346.78
1986.54 348.11 346.90
1986.62 346.09 347.03
1986.71 345.01 347.15
1986.79 344.47 347.28
1986.88 345.86 347.40
1986.96 347.15 347.53
1987.04 348.38 347.65
1987.12 348.70 347.78
1987.21 349.72 347.90
1987.29 351.32 348.03
1987.38 352.14 348.16
1987.46 351.61 348.28
1987.54 349.91 348.41
1987.62 347.84 348.54
1987.71 346.52 348.66
1987.79 346.65 348.79
1987.88 347.96 348.92
1987.96 349.18 349.04
1988.04 350.38 349.17
1988.12 351.68 349.30
1988.21 352.24 349.43
1988.29 353.66 349.56
1988.38 354.18 349.69
1988.46 353.68 349.81
1988.54 352.58 349.94
1988.62 350.65 350.07
1988.71 349.03 350.20
1988.79 349.08 350.33
1988.88 350.15 350.46
1988.96 351.44 350.59
1989.04 352.89 350.72
1989.12 353.24 350.85
1989.21 353.80 350.98
1989.29 355.59 351.11
1989.38 355.89 351.24
1989.46 355.30 351.37
1989.54 353.98 351.50
1989.62 351.53 351.63
1989.71 350.02 351.76
1989.79 350.29 351.89
1989.88 351.44 352.02
1989.96 352.84 352.15
1990.04 353.79 352.29
1990.12 354.88 352.42
1990.21 355.65 352.55
1990.29 356.27 352.68
1990.38 357.29 352.82
1990.46 356.32 352.95
1990.54 354.88 353.08
1990.62 352.89 353.21
1990.71 351.28 353.35
1990.79 351.59 353.48
1990.88 353.05 353.61
1990.96 354.27 353.75
1991.04 354.87 353.88
1991.12 355.68 354.01
1991.21 357.06 354.15
1991.29 358.51 354.28
1991.38 359.09 354.42
1991.46 358.10 354.55
1991.54 356.12 354.69
1991.62 353.89 354.82
1991.71 352.30 354.96
1991.79 352.32 355.09
1991.88 353.79 355.23
1991.96 355.07 355.36
1992.04 356.17 355.50
1992.12 356.93 355.63
1992.21 357.82 355.77
1992.29 359.00 355.91
1992.38 359.55 356.04
1992.46 359.32 356.18
1992.54 356.85 356.32
1992.62 354.91 356.45
1992.71 352.93 356.59
1992.79 353.31 356.73
1992.88 354.27 356.86
1992.96 355.53 357.00
1993.04 356.86 357.14
1993.12 357.27 357.28
1993.21 358.36 357.42
1993.29 359.27 357.56
1993.38 360.19 357.69
1993.46 359.52 357.83
1993.54 357.42 357.97
1993.62 355.46 358.11
1993.71 354.10 358.25
1993.79 354.12 358.39
1993.88 355.40 358.53
1993.96 356.84 358.67
1994.04 358.22 358.81
1994.12 358.98 358.95
1994.21 359.91 359.09
1994.29 361.32 359.23
1994.38 361.68 359.37
1994.46 360.80 359.51
1994.54 359.39 359.65
1994.62 357.42 359.79
1994.71 355.63 359.93
1994.79 356.09 360.07
1994.88 357.56 360.21
1994.96 358.87 360.36
1995.04 359.87 360.50
1995.12 360.79 360.64
1995.21 361.77 360.78
1995.29 363.23 360.93
1995.38 363.77 361.07
1995.46 363.22 361.21
1995.54 361.70 361.35
1995.62 359.11 361.50
1995.71 358.11 361.64
1995.79 357.97 361.78
1995.88 359.40 361.93
1995.96 360.61 362.07
1996.04 362.04 362.21
1996.12 363.17 362.36
1996.21 364.17 362.50
1996.29 364.51 362.65
1996.38 365.16 362.79
1996.46 364.93 362.93
1996.54 363.53 363.08
1996.62 361.38 363.23
1996.71 359.60 363.37
1996.79 359.54 363.52
1996.88 360.84 363.66
1996.96 362.18 363.81
1997.04 363.04 363.95
1997.12 364.09 364.10
1997.21 364.47 364.24
1997.29 366.25 364.39
1997.38 366.69 364.54
1997.46 365.59 364.68
1997.54 364.34 364.83
1997.62 362.20 364.98
1997.71 360.31 365.13
1997.79 360.71 365.27
1997.88 362.44 365.42
1997.96 364.33 365.57
1998.04 365.18 365.72
1998.12 365.98 365.87
1998.21 367.13 366.01
1998.29 368.61 366.16
1998.38 369.49 366.31
1998.46 368.95 366.46
1998.54 367.74 366.61
1998.62 365.79 366.76
1998.71 364.01 366.91
1998.79 364.35 367.06
1998.88 365.52 367.21
1998.96 367.08 367.36
1999.04 368.12 367.51
1999.12 368.98 367.66
1999.21 369.60 367.81
1999.29 370.96 367.96
1999.38 370.77 368.11
1999.46 370.33 368.26
1999.54 369.28 368.41
1999.62 366.86 368.56
1999.71 364.94 368.71
1999.79 365.35 368.86
1999.88 366.68 369.01
1999.96 368.04 369.17
2000.04 369.25 369.32
2000.12 369.50 369.47
2000.21 370.56 369.62
2000.29 371.82 369.78
2000.38 371.51 369.93
2000.46 371.71 370.08
2000.54 369.85 370.23
2000.62 368.20 370.39
2000.71 366.91 370.54
2000.79 366.99 370.69
2000.88 368.33 370.85
2000.96 369.67 371.00
2001.04 370.52 371.16
2001.12 371.49 371.31
2001.21 372.53 371.46
2001.29 373.37 371.62
2001.38 373.82 371.77
2001.46 373.18 371.93
2001.54 371.57 372.08
2001.62 369.63 372.24
2001.71 368.16 372.39
2001.79 368.42 372.55
2001.88 369.69 372.71
2001.96 371.18 372.86
2002.04 372.45 373.02
2002.12 373.14 373.17
2002.21 373.93 373.33
2002.29 375.00 373.49
2002.38 375.65 373.64
2002.46 375.50 373.80
2002.54 374.00 373.96
2002.62 371.83 374.11
2002.71 370.66 374.27
2002.79 370.51 374.43
2002.88 372.20 374.59
2002.96 373.71 374.74
2003.04 374.87 374.90
2003.12 375.62 375.06
2003.21 376.48 375.22
2003.29 377.74 375.38
2003.38 378.50 375.54
2003.46 378.18 375.70
2003.54 376.72 375.86
2003.62 374.31 376.02
2003.71 373.20 376.17
2003.79 373.10 376.33
2003.88 374.64 376.49
2003.96 375.93 376.65
2004.04 377.00 376.81
2004.12 377.87 376.97
2004.21 378.73 377.13
2004.29 380.41 377.30
2004.38 380.63 377.46
2004.46 379.56 377.62
2004.54 377.61 377.78
2004.62 376.15 377.94
2004.71 374.11 378.10
2004.79 374.44 378.26
2004.88 375.93 378.42
2004.96 377.45 378.59
2005.04 378.47 378.75
2005.12 379.76 378.91
2005.21 381.14 379.07
2005.29 382.20 379.24
2005.38 382.47 379.40
2005.46 382.20 379.56
2005.54 380.78 379.73
2005.62 378.73 379.89
2005.71 376.66 380.05
2005.79 376.98 380.22
2005.88 378.29 380.38
2005.96 379.92 380.54
2006.04 381.35 380.71
2006.12 382.16 380.87
2006.21 382.66 381.04
2006.29 384.73 381.20
2006.38 384.98 381.37
2006.46 384.09 381.53
2006.54 382.38 381.70
2006.62 380.45 381.86
2006.71 378.92 382.03
2006.79 379.16 382.19
2006.88 380.18 382.36
2006.96 381.79 382.52
2007.04 382.93 382.69
2007.12 383.81 382.86
2007.21 384.56 383.02
2007.29 386.40 383.19
2007.38 386.58 383.36
2007.46 386.05 383.52
2007.54 384.49 383.69
2007.62 382.00 383.86
2007.71 380.90 384.03
2007.79 381.14 384.20
2007.88 382.42 384.36
2007.96 383.89 384.53
2008.04 385.44 384.70
2008.12 385.73 384.87
2008.21 385.97 385.04
2008.29 387.16 385.21
2008.38 388.50 385.37
2008.46 387.88 385.54
2008.54 386.42 385.71
2008.62 384.15 385.88
2008.71 383.09 386.05
2008.79 382.99 386.22
2008.88 384.13 386.39
2008.96 385.56 386.56
2009.04 386.94 386.73
2009.12 387.42 386.90
2009.21 388.77 387.07
2009.29 389.44 387.24
2009.38 390.19 387.41
2009.46 389.45 387.59
2009.54 387.78 387.76
2009.62 385.92 387.93
2009.71 384.79 388.10
2009.79 384.39 388.27
2009.88 386.00 388.44
2009.96 387.31 388.62
2010.04 388.50 388.79
2010.12 389.94 388.96
2010.21 391.09 389.13
2010.29 392.52 389.31
2010.38 393.04 389.48
2010.46 392.15 389.65
2010.54 390.22 389.83
2010.62 388.26 390.00
2010.71 386.83 390.17
2010.79 387.20 390.35
2010.88 388.65 390.52
2010.96 389.73 390.69
2011.04 391.25 390.87
2011.12 391.82 391.04
2011.21 392.49 391.22
2011.29 393.34 391.39
2011.38 394.21 391.57
2011.46 393.72 391.74
2011.54 392.42 391.92
2011.62 390.19 392.09
2011.71 389.04 392.27
2011.79 388.96 392.45
2011.88 390.24 392.62
2011.96 391.83 392.80
2012.04 393.12 392.98
2012.12 393.60 393.15
2012.21 394.45 393.33
2012.29 396.18 393.51
2012.38 396.78 393.68
2012.46 395.83 393.86
2012.54 394.30 394.04
2012.62 392.41 394.21
2012.71 391.06 394.39
2012.79 391.01 394.57
2012.88 392.81 394.75
2012.96 394.28 394.93
2013.04 395.51 395.11
2013.12 396.80 395.28
2013.21 397.32 395.46
2013.29 398.39 395.64
2013.38 399.76 395.82
2013.46 398.58 396.00
2013.54 397.23 396.18
