0 9.98756 0
0.05 9.97514 -0.496649
0.132439 9.90054 -1.31227
0.232631 9.71987 -2.29118
0.344879 9.40235 -3.36053
0.466615 8.92497 -4.47268
0.596517 8.27068 -5.58691
0.733938 7.42761 -6.66385
0.878717 6.38868 -7.6633
1.03115 5.15114 -8.54299
1.18045 3.82308 -9.2135
1.32185 2.48656 -9.66008
1.45493 1.18276 -9.90456
1.57891 -0.0511608 -9.97479
1.6756 -1.01385 -9.92327
1.77324 -1.97635 -9.77719
1.88177 -3.02384 -9.50566
2.00041 -4.12771 -9.08122
2.12756 -5.24592 -8.4852
2.26239 -6.33905 -7.70432
2.40465 -7.36746 -6.73011
2.55449 -8.28983 -5.55856
2.7065 -9.03631 -4.2442
2.85087 -9.55334 -2.90585
2.98704 -9.8598 -1.58844
3.11444 -9.98211 -0.32913
3.21651 -9.96396 0.684512
3.31923 -9.84151 1.69753
3.42477 -9.60818 2.71993
3.54111 -9.22779 3.81193
3.6663 -8.67992 4.9297
3.79932 -7.94969 6.03347
3.93974 -7.02723 7.08372
4.08758 -5.90729 8.03952
4.24133 -4.60651 8.8482
4.38753 -3.26838 9.42442
4.52554 -1.94078 9.78432
4.655 -0.661349 9.95298
4.76175 0.402804 9.96679
4.86869 1.46438 9.86685
4.97079 2.46239 9.66626
5.08438 3.5422 9.32502
5.20719 4.65784 8.82132
5.33804 5.76906 8.13911
5.4764 6.83656 7.26746
5.6222 7.82005 6.20006
5.77583 8.67705 4.93475
5.92432 9.31203 3.6022
6.06479 9.72507 2.26914
6.19686 9.93962 0.975008
6.3196 9.98459 -0.243062
6.43058 9.89656 -1.34184
6.53121 9.71193 -2.32446
6.64379 9.38959 -3.39586
6.76581 8.90676 -4.5087
6.89596 8.24655 -5.62234
7.03362 7.39727 -6.69742
7.17864 6.35196 -7.6937
7.33132 5.10804 -8.5688
7.48039 3.77883 -9.23172
7.62152 2.44278 -9.67124
7.75432 1.14069 -9.90949
7.87797 -0.0902654 -9.97452
7.97546 -1.0607 -9.91837
8.07367 -2.02809 -9.76659
8.18279 -3.07961 -9.48775
8.30189 -4.18521 -9.05489
8.42945 -5.30308 -8.44965
8.56467 -6.39386 -7.65898
8.70731 -7.41785 -6.67469
8.85755 -8.3336 -5.49295
9.00918 -9.06805 -4.17625
9.15313 -9.5738 -2.83806
9.28887 -9.87021 -1.52273
9.4158 -9.98397 -0.26736
9.51682 -9.96029 0.735768
9.61859 -9.83426 1.73886
9.72465 -9.59518 2.76524
9.8414 -9.20805 3.85918
9.96693 -8.6527 4.97715
10.1003 -7.91447 6.07946
10.241 -6.98369 7.12653
10.3892 -5.85532 8.07739
10.5426 -4.5522 8.87623
10.6885 -3.21376 9.44317
10.8261 -1.88741 9.79475
10.9552 -0.610727 9.95621
11.0613 0.446465 9.96493
11.1676 1.50124 9.86131
11.2702 2.50348 9.65571
11.3842 3.58549 9.30847
11.5073 4.7017 8.79804
11.6385 5.81195 8.1086
11.7771 6.87693 7.22936
11.9232 7.85629 6.15423
12.0772 8.70742 4.88117
12.2254 9.33312 3.54746
12.3655 9.73755 2.21524
12.4972 9.94456 0.92348
12.6195 9.98331 -0.290647
12.7299 9.89081 -1.38335
12.8312 9.70057 -2.37119
12.9442 9.37145 -3.44539
13.0666 8.88095 -4.55912
13.1971 8.21245 -5.67187
13.3351 7.35445 -6.74428
13.4805 6.30023 -7.73603
13.6335 5.04736 -8.60463
13.7823 3.71661 -9.25693
13.923 2.38129 -9.68656
14.0554 1.08168 -9.9161
14.1786 -0.145039 -9.97387
14.2772 -1.12608 -9.91116
14.3762 -2.10004 -9.75138
14.4861 -3.15691 -9.46232
14.6058 -4.26471 -9.01775
14.7339 -5.38195 -8.39971
14.8697 -6.46931 -7.5955
15.0129 -7.487 -6.59725
15.1637 -8.39342 -5.40144
15.3148 -9.1112 -4.08165
15.4581 -9.60135 -2.74384
15.5933 -9.88392 -1.43154
15.7195 -9.9859 -0.18183
15.819 -9.95483 0.80596
15.9194 -9.82418 1.79468
16.0262 -9.57731 2.82624
16.1435 -9.18107 3.92265
16.2695 -8.61564 5.04079
16.4032 -7.86665 6.14102
16.5444 -6.9247 7.18373
16.693 -5.78499 8.12782
16.846 -4.47883 8.91344
16.9914 -3.14008 9.46792
17.1286 -1.81551 9.80833
17.2572 -0.54263 9.96015
17.3623 0.504865 9.96214
17.4677 1.55023 9.85373
17.571 2.5579 9.64144
17.6855 3.64271 9.28624
17.809 4.75958 8.7669
17.9406 5.86846 8.06786
18.0796 6.93002 7.17861
18.2261 7.90381 6.09327
18.3805 8.7471 4.80998
18.5283 9.36052 3.47483
18.668 9.7536 2.14382
18.7992 9.95069 0.855294
18.921 9.98128 -0.353491
19.0306 9.88298 -1.43795
19.1327 9.68534 -2.4324
19.2463 9.34729 -3.51011
19.3692 8.84675 -4.62488
19.5002 8.16739 -5.73635
19.6386 7.29801 -6.80515
19.7844 6.23216 -7.79087
19.9379 4.96762 -8.65086
20.0862 3.63496 -9.28927
20.2265 2.30072 -9.70601
20.3583 1.00448 -9.92422
20.4809 -0.216546 -9.97257
20.5919 -1.31934 -9.88729
20.6918 -2.29951 -9.70629
20.8038 -3.36981 -9.38865
20.9253 -4.48257 -8.91156
21.0549 -5.59707 -8.25814
21.1921 -6.67403 -7.41665
21.3367 -7.67341 -6.38012
21.4891 -8.55312 -5.14578
21.6387 -9.22511 -3.81839
21.7805 -9.67253 -2.48261
21.914 -9.91729 -1.17971
22.0383 -9.98742 0.0532559
22.1354 -9.93552 1.0157
22.2333 -9.78876 1.9779
22.3422 -9.51609 3.02507
22.4612 -9.08996 4.12856
22.5887 -8.49158 5.24634
22.7239 -7.70754 6.33897
22.8664 -6.72933 7.36663
23.0164 -5.55294 8.28783
23.168 -4.23762 9.0305
23.3119 -2.89864 9.54457
23.4476 -1.58072 9.84889
23.5746 -0.321114 9.96976
23.6762 0.691839 9.9509
23.7785 1.70416 9.82829
23.8837 2.72766 9.59481
23.9998 3.82043 9.2146
24.1247 4.93866 8.66741
24.2575 6.04261 7.9385
24.3977 7.09289 7.01814
24.5454 8.04874 5.90113
24.6995 8.85937 4.60076
24.8461 9.43673 3.26318
24.9845 9.7971 1.93641
25.1143 9.96576 0.657947
25.2213 9.9793 -0.405107
25.3286 9.8789 -1.46564
25.431 9.67747 -2.46335
25.545 9.33491 -3.54277
25.6681 8.82928 -4.65801
25.7993 8.14444 -5.76878
25.9379 7.26932 -6.83572
26.084 6.19759 -7.81834
26.2377 4.92718 -8.67392
26.3858 3.59362 -9.30534
26.5258 2.25997 -9.71557
26.6574 0.965483 -9.92809
26.7797 -0.252598 -9.97173
26.8902 -1.35086 -9.88304
26.9906 -2.33508 -9.6978
27.103 -3.40757 -9.37502
27.2247 -4.52104 -8.89213
27.3546 -5.6349 -8.23241
27.4921 -6.70987 -7.38432
27.637 -7.70585 -6.34101
27.7896 -8.58067 -5.09988
27.939 -9.24456 -3.77128
28.0805 -9.68442 -2.43601
28.2137 -9.92254 -1.13494
28.3377 -9.98711 0.0948686
28.4356 -9.93028 1.06554
28.5341 -9.77743 2.03294
28.6436 -9.49695 3.08438
28.7631 -9.06182 4.1897
28.8911 -8.45359 5.30712
29.0266 -7.65911 6.39723
29.1695 -6.67012 7.42017
29.32 -5.48285 8.33429
29.4712 -4.16504 9.06418
29.6146 -2.82623 9.56625
29.7499 -1.51053 9.8599
29.8763 -0.255158 9.97166
29.9768 0.746493 9.94695
30.0781 1.74815 9.82056
30.1839 2.77586 9.58098
30.3004 3.87066 9.19363
30.4257 4.98909 8.63851
30.5588 6.09149 7.90113
30.6993 7.13839 6.97197
30.8474 8.08898 5.84603
31.0011 8.88914 4.54321
31.1473 9.45663 3.20532
31.2854 9.80815 1.87988
31.4148 9.96917 0.604341
31.5211 9.97731 -0.451319
31.6277 9.873 -1.50464
31.7307 9.66625 -2.50681
31.845 9.31732 -3.58856
31.9686 8.80456 -4.70439
32.1 8.11201 -5.81414
32.239 7.22884 -6.87839
32.3853 6.1489 -7.85662
32.5394 4.87026 -8.70597
32.6872 3.53547 -9.32757
32.8268 2.20272 -9.72871
32.958 0.910763 -9.93326
33.0799 -0.30311 -9.97032
33.1898 -1.39489 -9.87692
33.2909 -2.3846 -9.68575
33.4037 -3.46002 -9.3558
33.5259 -4.57441 -8.86482
33.6562 -5.68732 -8.19635
33.794 -6.75945 -7.33907
33.9392 -7.75063 -6.28637
34.0922 -8.61857 -5.0358
34.2413 -9.27119 -3.7056
34.3824 -9.70059 -2.37112
34.5151 -9.9295 -1.07268
34.6386 -9.98639 0.152648
34.7377 -9.9226 1.13447
34.8371 -9.76128 2.10876
34.9474 -9.46999 3.16583
35.0676 -9.02247 4.27344
35.1961 -8.40068 5.39018
35.3322 -7.59187 6.47665
35.4757 -6.58811 7.49291
35.6267 -5.38596 8.39714
35.7773 -4.06488 9.10949
35.9202 -2.72649 9.59514
36.0548 -1.41404 9.8742
36.1805 -0.164687 9.97357
36.2794 0.820569 9.94112
36.3792 1.80687 9.80993
36.4858 2.84 9.56218
36.6028 3.93737 9.16528
36.7286 5.05595 8.5996
36.8621 6.15613 7.85096
37.0031 7.19844 6.91012
37.1516 8.14192 5.77233
37.3049 8.92816 4.46634
37.4507 9.48256 3.12816
37.5882 9.82235 1.80461
37.7172 9.97326 0.533067
37.8224 9.97435 -0.512391
37.928 9.86503 -1.55582
38.0317 9.65126 -2.56365
38.1466 9.29398 -3.64832
38.2706 8.77187 -4.76484
38.4025 8.06926 -5.87314
38.5418 7.17558 -6.9338
38.6886 6.08492 -7.90618
38.8431 4.79557 -8.74729
38.9905 3.45927 -9.35608
39.1297 2.1278 -9.74537
39.2604 0.839264 -9.93956
39.3695 -0.247828 -9.97185
39.4786 -1.33205 -9.88559
39.5787 -2.31387 -9.70288
39.6908 -3.38507 -9.38317
39.8124 -4.49812 -8.90373
39.9422 -5.61237 -8.24777
40.0795 -6.68853 -7.40361
40.2242 -7.68654 -6.36434
40.3767 -8.56428 -5.12725
40.5262 -9.233 -3.79937
40.6679 -9.67736 -2.46379
40.8012 -9.91944 -1.16163
40.9255 -9.98732 0.0700727
41.0228 -9.93343 1.03586
41.1211 -9.78421 2.00019
41.2302 -9.50839 3.04911
41.3494 -9.07861 4.15335
41.4771 -8.47624 5.27101
41.6124 -7.68797 6.36262
41.755 -6.70538 7.38839
41.9052 -5.52458 8.30673
42.0567 -4.20824 9.04422
42.2004 -2.86932 9.55342
42.3359 -1.55228 9.85341
42.4627 -0.294376 9.97058
42.5638 0.714058 9.94934
42.6657 1.72211 9.82516
42.7712 2.74734 9.5892
42.8875 3.84095 9.20607
43.0125 4.95927 8.65564
43.1454 6.0626 7.92328
43.2858 7.11151 6.99932
43.4336 8.06522 5.87867
43.5876 8.87157 4.57728
43.734 9.4449 3.23957
43.8722 9.80165 1.91333
44.0019 9.96719 0.636055
44.1087 9.97852 -0.424007
44.2156 9.8765 -1.48162
44.3183 9.6729 -2.48117
44.4324 9.32773 -3.56156
44.5557 8.81918 -4.67705
44.687 8.13117 -5.78741
44.8258 7.25275 -6.85325
44.9719 6.17765 -7.83408
45.1258 4.90386 -8.68712
45.2738 3.56978 -9.3145
45.4136 2.2365 -9.721
45.5451 0.94304 -9.93025
45.6672 -0.273326 -9.97118
45.7774 -1.36895 -9.88055
45.8781 -2.35545 -9.69288
45.9907 -3.42916 -9.36715
46.1126 -4.54302 -8.88093
46.2427 -5.6565 -8.21762
46.3803 -6.73031 -7.36574
46.5253 -7.72432 -6.31857
46.6781 -8.59632 -5.07355
46.8273 -9.25557 -3.74428
46.9687 -9.69113 -2.40933
47.1017 -9.92546 -1.10933
47.2255 -9.98686 0.118653
47.3238 -9.92717 1.09395
47.4228 -9.77084 2.06423
47.5326 -9.48591 3.11803
47.6524 -9.04567 4.22433
47.7806 -8.43184 5.34149
47.9163 -7.63143 6.43013
48.0595 -6.63634 7.45033
48.2102 -5.44291 8.36039
48.3611 -4.12372 9.08303
48.5044 -2.78506 9.57832
48.6393 -1.47068 9.86592
48.7655 -0.217764 9.97255
48.8653 0.777241 9.9446
48.966 1.77266 9.81617
49.0721 2.80266 9.57319
49.1889 3.89856 9.18185
49.3143 5.01706 8.62232
49.4476 6.11855 7.88024
49.5884 7.16355 6.94619
49.7366 8.11119 5.8153
49.8902 8.90553 4.51113
50.0362 9.46754 3.1731
50.174 9.81416 1.84844
50.3033 9.97094 0.574554
50.4091 9.97612 -0.476895
50.5153 9.86969 -1.52613
50.6186 9.66 -2.5307
50.7332 9.30756 -3.61369
50.8569 8.79087 -4.72983
50.9885 8.0941 -5.83898
51.1276 7.2065 -6.90174
51.2741 6.12205 -7.87752
51.4284 4.83891 -8.72342
51.576 3.50347 -9.33963
51.7155 2.17124 -9.73578
51.8465 0.880706 -9.93597
51.9681 -0.330818 -9.96944
52.0776 -1.41897 -9.87349
52.1791 -2.4116 -9.67906
52.2922 -3.48858 -9.3452
52.4146 -4.60343 -8.8498
52.545 -5.71578 -8.17656
52.683 -6.78632 -7.31429
52.8285 -7.77485 -6.25648
52.9817 -8.63902 -5.00078
53.1306 -9.28551 -3.66974
53.2714 -9.70922 -2.33573
53.404 -9.93313 -1.03876
53.5272 -9.98586 0.184084
53.6269 -9.91824 1.17184
53.7267 -9.75229 2.14975
53.8375 -9.45514 3.20971
53.958 -9.00092 4.31846
54.0868 -8.37182 5.43474
54.2232 -7.55528 6.51917
54.367 -6.54358 7.53175
54.5183 -5.33342 8.43056
54.6687 -4.01067 9.13347
54.8112 -2.6726 9.61029
54.9455 -1.36198 9.88151
55.0708 -0.11598 9.97425
55.1688 0.859978 9.93779
55.2677 1.83764 9.80421
55.3747 2.8735 9.55217
55.492 3.97216 9.15027
55.618 5.09075 8.57907
55.7518 6.18973 7.82455
55.8931 7.22959 6.87761
56.0418 8.1693 5.73365
56.1949 8.94829 4.42606
56.3404 9.49585 3.08777
56.4777 9.82954 1.76526
56.6063 9.97519 0.495858
56.711 9.97266 -0.544098
56.8161 9.86081 -1.58223
56.9202 9.64342 -2.59288
57.0354 9.28183 -3.67901
57.1596 8.7549 -4.79582
57.2917 8.04712 -5.90334
57.4312 7.14804 -6.96211
57.5782 6.05189 -7.93145
57.7328 4.75798 -8.76777
57.88 3.42105 -9.37012
58.0189 2.09028 -9.75348
58.1494 0.803501 -9.94251
58.258 -0.27916 -9.97102
58.3667 -1.35898 -9.88193
58.4673 -2.34423 -9.69559
58.5797 -3.41727 -9.3715
58.7015 -4.53092 -8.88711
58.8315 -5.64461 -8.22577
58.969 -6.71907 -7.37598
59.114 -7.71416 -6.33094
59.2667 -8.58772 -5.08805
59.416 -9.24952 -3.75915
59.5574 -9.68745 -2.42402
59.6905 -9.92386 -1.12343
59.8144 -9.98701 0.105559
59.9125 -9.92889 1.07832
60.0113 -9.77448 2.04702
60.1209 -9.492 3.09953
60.2406 -9.05457 4.20529
60.3686 -8.44382 5.3226
60.5043 -7.64667 6.41205
60.6473 -6.65493 7.43377
60.7978 -5.46489 8.34607
60.9489 -4.14645 9.07269
61.0923 -2.80771 9.57171
61.2274 -1.49259 9.86263
61.3537 -0.238324 9.97208
61.4539 0.760358 9.94591
61.5549 1.75922 9.81858
61.6609 2.78797 9.57747
61.7775 3.88328 9.18832
61.9028 5.00174 8.6312
62.036 6.10373 7.8917
62.1767 7.14978 6.96033
62.3248 8.09904 5.83215
62.4785 8.89656 4.52872
62.6246 9.46158 3.19076
62.7625 9.81088 1.86568
62.8919 9.96999 0.590876
62.998 9.97678 -0.46289
63.1044 9.87151 -1.51437
63.2075 9.66343 -2.51763
63.322 9.31291 -3.59995
63.4456 8.79837 -4.71592
63.5771 8.10391 -5.8254
63.7161 7.21873 -6.88898
63.8625 6.13674 -7.8661
64.0167 4.85606 -8.7139
64.1644 3.52097 -9.33305
64.304 2.18846 -9.73193
64.4351 0.897144 -9.9345
64.5568 -0.315668 -9.96993
64.6666 -1.40581 -9.87537
64.7678 -2.39685 -9.68272
64.8808 -3.47299 -9.351
65.0031 -4.58759 -8.85802
65.1334 -5.70024 -8.18738
65.2713 -6.77166 -7.32784
65.4166 -7.76164 -6.27282
65.5698 -8.62787 -5.01992
65.7187 -9.27771 -3.68934
65.8597 -9.70453 -2.35506
65.9924 -9.93117 -1.05729
66.1158 -9.98617 0.166918
66.2151 -9.92064 1.15144
66.3147 -9.75722 2.12739
66.4252 -9.46327 3.18578
66.5456 -9.0127 4.29392
66.6742 -8.38759 5.41046
66.8105 -7.57526 6.49601
66.9541 -6.56789 7.51061
67.1052 -5.3621 8.41238
67.2557 -4.04025 9.12044
67.3984 -2.702 9.60207
67.5329 -1.39037 9.87756
67.6585 -0.142534 9.97391
67.7569 0.838536 9.93962
67.8563 1.82095 9.80733
67.9631 2.85533 9.55762
68.0802 3.9533 9.15843
68.2061 5.07188 8.59023
68.3398 6.17152 7.8389
68.4809 7.21271 6.89526
68.6295 8.15447 5.75465
68.7827 8.9374 4.44792
68.9283 9.48866 3.10968
69.0658 9.82566 1.78661
69.1946 9.97416 0.516038
69.2996 9.97359 -0.526917
69.405 9.8631 -1.56794
69.5088 9.64768 -2.57707
69.6238 9.28842 -3.66241
69.7479 8.7641 -4.77907
69.8799 8.05912 -5.88701
70.0193 7.16295 -6.94681
70.1662 6.06977 -7.9178
70.3208 4.77789 -8.75695
70.4681 3.44126 -9.36272
70.6072 2.11011 -9.74921
70.7378 0.822398 -9.94097
70.8466 -0.262615 -9.97147
70.9555 -1.34477 -9.88387
71.0559 -2.32822 -9.69945
71.1682 -3.40029 -9.37767
71.2899 -4.51363 -8.89589
71.4197 -5.62762 -8.23739
71.5571 -6.70298 -7.39057
71.702 -7.69962 -6.34857
71.8545 -8.57538 -5.10874
72.004 -9.24083 -3.78037
72.1455 -9.68215 -2.445
72.2788 -9.92155 -1.14357
72.4028 -9.98719 0.0868527
72.5006 -9.93131 1.05595
72.599 -9.77963 2.02237
72.7084 -9.50066 3.073
72.8278 -9.06726 4.17798
72.9557 -8.46092 5.29548
73.0911 -7.66844 6.38608
73.234 -6.68152 7.40994
73.3843 -5.49633 8.32543
73.5356 -4.17899 9.05776
73.6792 -2.84014 9.56214
73.8145 -1.524 9.85783
73.941 -0.267809 9.97133
74.0417 0.73605 9.94774
74.1432 1.73979 9.82205
74.2489 2.76671 9.58364
74.3653 3.86113 9.19764
74.4905 4.97953 8.64402
74.6236 6.08222 7.90826
74.7641 7.12978 6.98076
74.9121 8.08137 5.85652
75.0659 8.88352 4.55415
75.2122 9.45289 3.21632
75.3503 9.80608 1.89062
75.4798 9.96855 0.61452
75.5862 9.97771 -0.442562
75.6929 9.87413 -1.49727
75.7958 9.66839 -2.4986
75.9101 9.32067 -3.57992
76.0335 8.80925 -4.69565
76.165 8.11816 -5.80559
76.3038 7.2365 -6.87036
76.4501 6.15811 -7.84942
76.6041 4.88102 -8.69996
76.752 3.54646 -9.32341
76.8917 2.21353 -9.72626
77.023 0.921092 -9.93231
77.1449 -0.293583 -9.97061
77.2549 -1.3866 -9.87809
77.3559 -2.37529 -9.68804
77.4686 -3.45017 -9.35944
77.5907 -4.5644 -8.86998
77.7209 -5.67749 -8.20316
77.8587 -6.75016 -7.34761
78.0038 -7.74224 -6.29667
78.1568 -8.61149 -5.04787
78.3059 -9.26623 -3.71796
78.4471 -9.69759 -2.38333
78.5799 -9.92823 -1.08438
78.7035 -9.98656 0.141797
78.8023 -9.92408 1.12155
78.9016 -9.76435 2.09457
79.0118 -9.47509 3.15061
79.1318 -9.02989 4.25781
79.2602 -8.41064 5.37469
79.3962 -7.6045 6.46186
79.5396 -6.6035 7.47939
79.6905 -5.40412 8.38548
79.8412 -4.08364 9.10111
79.9842 -2.74516 9.58983
80.119 -1.43208 9.8716
80.2448 -0.181583 9.97328
80.344 0.806818 9.94225
80.4441 1.79606 9.81192
80.5505 2.8282 9.56568
80.6674 3.92512 9.17054
80.7931 5.04368 8.6068
80.9266 6.14428 7.86023
81.0675 7.18744 6.92153
81.2159 8.13224 5.78592
81.3693 8.92104 4.48051
81.5151 9.47784 3.14236
81.6528 9.81979 1.81846
81.7818 9.97255 0.546171
81.8873 9.97492 -0.501196
81.9931 9.86651 -1.54647
82.0966 9.65403 -2.55328
82.2114 9.29827 -3.63744
82.3353 8.77786 -4.75383
82.4671 8.07709 -5.8624
82.6064 7.18532 -6.92373
82.7531 6.09662 -7.89719
82.9075 4.80921 -8.73981
83.0549 3.47318 -9.35093
83.1942 2.14147 -9.74238
83.325 0.8523 -9.93845
83.4464 -0.356978 -9.96854
83.5556 -1.44166 -9.87021
83.6574 -2.437 -9.6727
83.7707 -3.51541 -9.33515
83.8933 -4.63067 -8.8356
84.024 -5.74246 -8.15788
84.1622 -6.8115 -7.29091
84.3078 -7.79752 -6.2283
84.4612 -8.65811 -4.96779
84.6099 -9.29884 -3.63598
84.7506 -9.71721 -2.30243
84.8829 -9.93643 -1.00687
85.0059 -9.98528 0.213598
85.1172 -9.90004 1.31607
85.2174 -9.71889 2.29536
85.3297 -9.40076 3.36497
85.4515 -8.9227 4.47721
85.5814 -8.26767 5.59137
85.7189 -7.42382 6.66808
85.8637 -6.38408 7.66713
86.0162 -5.14574 8.54625
86.1654 -3.81753 9.21581
86.3068 -2.48106 9.6615
86.4398 -1.17748 9.90519
86.5638 0.0560739 9.97477
86.6606 1.01974 9.92267
86.7583 1.98287 9.77588
86.8669 3.03088 9.50343
86.9856 4.13497 9.07792
87.1128 5.25314 8.48075
87.2477 6.34599 7.69863
87.39 7.37385 6.72315
87.5399 8.29539 5.55031
87.6918 9.04035 4.23565
87.8361 9.55596 2.89731
87.9723 9.86114 1.58016
88.0996 9.98238 0.321336
88.2015 9.96352 -0.691004
88.3041 9.84061 -1.70279
88.4097 9.60655 -2.72571
88.5261 9.2253 -3.81796
88.6514 8.67648 -4.93576
88.7844 7.94523 -6.03935
88.9249 7.0217 -7.08919
89.0728 5.90069 -8.04437
89.2265 4.5996 -8.8518
89.3726 3.26143 -9.42683
89.5106 1.93398 -9.78567
89.64 0.654898 -9.95341
89.7467 -0.40838 -9.96657
89.8535 -1.4691 -9.86616
89.9557 -2.46766 -9.66493
90.0694 -3.54775 -9.32292
90.1922 -4.66347 -8.81835
90.3231 -5.77457 -8.13522
90.4615 -6.84176 -7.26259
90.6073 -7.82472 -6.1942
90.761 -8.68097 -4.92789
90.9094 -9.31476 -3.59519
91.0499 -9.72669 -2.26223
91.1819 -9.94027 -0.968402
91.3046 -9.98445 0.249168
91.4155 -9.89584 1.34717
91.5162 -9.71049 2.33048
91.6289 -9.38728 3.40225
91.7509 -8.90346 4.51521
91.8811 -8.24219 5.62874
92.0188 -7.39178 6.70348
92.1639 -6.34532 7.69917
92.3166 -5.10024 8.57344
92.4656 -3.77083 9.235
92.6067 -2.43487 9.67324
92.7395 -1.1331 9.91037
92.8631 0.0973235 9.97446
92.9607 1.06914 9.91747
93.059 2.0374 9.76467
93.1682 3.08963 9.4845
93.2874 4.19552 9.05012
93.415 5.31332 8.44323
93.5503 6.40368 7.65081
93.693 7.42685 6.66471
93.8433 8.34141 5.48114
93.9949 9.0737 4.16403
94.1388 9.57743 2.82588
94.2744 9.87204 1.51092
94.4013 9.98427 0.256275
94.5021 9.95961 -0.744918
94.6037 9.83296 -1.74619
94.7099 9.59286 -2.77327
94.8267 9.20454 -3.86754
94.9523 8.64786 -4.98554
95.0857 7.90822 -6.08758
95.2265 6.97597 -7.13409
95.3747 5.8461 -8.08406
95.5281 4.54257 -8.88117
95.6739 3.20408 -9.44647
95.8115 1.87796 -9.79657
95.9405 0.601768 -9.95676
96.0464 -0.454171 -9.96459
96.1526 -1.50773 -9.86033
96.2553 -2.51069 -9.65384
96.3694 -3.59309 -9.30555
96.4926 -4.70939 -8.79394
96.6238 -5.81947 -8.10322
96.7625 -6.884 -7.22266
96.9086 -7.86263 -6.14617
97.0626 -8.71272 -4.87175
97.2108 -9.33679 -3.53784
97.3508 -9.73972 -2.20577
97.4825 -9.94541 -0.914435
97.6047 -9.98307 0.298993
97.715 -9.8898 1.39062
97.8164 -9.69857 2.37935
97.9295 -9.36826 3.45404
98.052 -8.87643 4.56791
98.1826 -8.20648 5.6805
98.3206 -7.34696 6.75244
98.466 -6.29118 7.74339
98.6191 -5.03675 8.61085
98.7678 -3.70574 9.26129
98.9085 -2.37055 9.6892
99.0408 -1.07138 9.91723
99.1639 0.154589 9.97374
99.2627 1.13745 9.90987
99.3618 2.11252 9.74869
99.4719 3.1703 9.45786
99.5917 4.27845 9.01125
99.7199 5.39557 8.39099
99.8558 6.48232 7.58444
99.999 7.49889 6.58378
100.15 8.40368 5.38553
100.301 9.11859 4.06522
100.444 9.60604 2.7275
100.579 9.88621 1.41574
100.705 9.98617 0.167031
100.805 9.95385 -0.818007
100.905 9.82244 -1.80416
101.012 9.57425 -2.83658
101.129 9.17646 -3.9334
101.255 8.60932 -5.05156
101.389 7.8585 -6.15142
101.53 6.91466 -7.19338
101.679 5.77304 -8.13631
101.832 4.46637 -8.91969
101.977 3.12757 -9.47206
102.114 1.80332 -9.81059
102.243 0.531097 -9.96078
102.348 -0.514717 -9.96164
102.453 -1.55845 -9.85244
102.556 -2.56702 -9.63903
102.671 -3.65229 -9.28249
102.795 -4.76926 -8.76165
102.926 -5.8779 -8.06101
103.065 -6.93888 -7.17008
103.212 -7.91173 -6.08303
103.366 -8.75369 -4.79803
103.514 -9.36506 -3.46265
103.654 -9.75624 -2.13185
103.785 -9.95168 -0.843876
103.894 -9.9846 0.243153
104.004 -9.89853 1.32734
104.104 -9.71586 2.30811
104.217 -9.39589 3.37851
104.338 -8.91574 4.49102
104.468 -8.25844 5.60495
104.606 -7.4122 6.68095
104.751 -6.37003 7.67879
104.903 -5.12924 8.55615
105.053 -3.80059 9.22281
105.194 -2.4643 9.66579
105.327 -1.16137 9.9071
105.451 0.0710562 9.97468
105.548 1.03771 9.92081
105.646 2.00272 9.77184
105.755 3.05228 9.49658
105.873 4.15704 9.06785
106.001 5.2751 8.46713
106.136 6.36705 7.68126
106.278 7.39321 6.7019
106.428 8.31222 5.52516
106.58 9.05257 4.20959
106.724 9.56384 2.87131
106.86 9.86517 1.55494
106.987 9.98312 0.297627
107.089 9.96213 -0.710709
107.191 9.83783 -1.71871
107.297 9.60156 -2.74317
107.414 9.21771 -3.83617
107.539 8.66601 -4.95406
107.672 7.93167 -6.05709
107.813 7.00494 -7.10572
107.961 5.88068 -8.05899
108.114 4.57868 -8.86262
108.26 3.24039 -9.43409
108.398 1.91342 -9.78971
108.527 0.635387 -9.95468
108.634 -0.425223 -9.96587
108.74 -1.48333 -9.86403
108.843 -2.48353 -9.66087
108.957 -3.56448 -9.31654
109.08 -4.68042 -8.80938
109.211 -5.79115 -8.12345
109.349 -6.85737 -7.24789
109.495 -7.83874 -6.17651
109.649 -8.69273 -4.9072
109.797 -9.32293 -3.57405
109.937 -9.73154 -2.24141
110.069 -9.94221 -0.948493
110.192 -9.98397 0.26756
110.303 -9.89363 1.36323
110.403 -9.70611 2.34856
110.516 -9.38027 3.42142
110.639 -8.89349 4.53473
110.769 -8.22901 5.64792
110.907 -7.37523 6.72164
111.052 -6.32532 7.71558
111.205 -5.07678 8.58735
111.354 -3.74676 9.24479
111.495 -2.41107 9.6792
111.627 -1.11026 9.91296
111.751 0.118532 9.97423
111.849 1.09448 9.91471
111.947 2.0653 9.75881
112.057 3.11962 9.47469
112.176 4.22638 9.03577
112.304 5.34396 8.4239
112.44 6.43299 7.62623
112.582 7.45374 6.63471
112.733 8.36469 5.44568
112.884 9.09051 4.12736
113.028 9.58818 2.78934
113.163 9.87742 1.47555
113.29 9.98507 0.223082
113.39 9.95752 -0.772225
113.491 9.82905 -1.76797
113.598 9.58592 -2.79709
113.715 9.19404 -3.89233
113.841 8.63342 -5.01041
113.974 7.88957 -6.11165
114.115 6.95296 -7.15646
114.263 5.81867 -8.1038
114.417 4.51394 -8.89574
114.562 3.17532 -9.45617
114.7 1.84989 -9.80191
114.829 0.575175 -9.95834
114.934 -0.477005 -9.96352
115.04 -1.52691 -9.85738
115.143 -2.53201 -9.64828
115.257 -3.61552 -9.29687
115.381 -4.73208 -8.78177
115.512 -5.84163 -8.08729
115.651 -6.90483 -7.2028
115.797 -7.88128 -6.1223
115.951 -8.72831 -4.84388
116.099 -9.34757 -3.5094
116.239 -9.74604 -2.1778
116.371 -9.94785 -0.887717
116.493 -9.9823 0.323627
116.603 -9.88675 1.41204
116.704 -9.69262 2.40339
116.818 -9.35881 3.47946
116.94 -8.86303 4.59375
117.071 -8.18882 5.70585
117.209 -7.32483 6.77637
117.355 -6.26448 7.76497
117.508 -5.00547 8.62905
117.657 -3.67369 9.27405
117.797 -2.33892 9.69688
117.929 -1.04106 9.92046
118.052 0.182682 9.97326
118.152 1.17085 9.90598
118.251 2.14915 9.74069
118.361 3.20951 9.44463
118.482 4.31868 8.99206
118.61 5.43538 8.36529
118.746 6.52031 7.55187
118.89 7.5336 6.54415
119.041 8.43357 5.33878
119.192 9.14003 4.01699
119.335 9.61959 2.67954
119.469 9.89277 1.36943
119.595 9.98681 0.123687
119.694 9.95089 -0.853108
119.793 9.81734 -1.83159
119.9 9.5653 -2.86647
120.018 9.16304 -3.96444
120.144 8.59096 -5.08262
120.278 7.83487 -6.18141
120.42 6.88556 -7.22118
120.568 5.7384 -8.16073
120.721 4.43029 -8.93765
120.866 3.09139 -9.48393
121.003 1.76807 -9.817
121.131 0.49776 -9.96251
121.236 -0.543125 -9.96014
121.341 -1.58211 -9.84868
121.444 -2.59321 -9.63202
121.559 -3.67978 -9.27164
121.683 -4.79701 -8.74651
121.815 -5.90495 -8.04125
121.954 -6.96424 -7.14552
122.101 -7.93438 -6.05356
122.256 -8.77252 -4.76366
122.403 -9.378 -3.42763
122.543 -9.76373 -2.09745
122.673 -9.95442 -0.811091
122.783 -9.98386 0.271888
122.892 -9.89517 1.35205
122.992 -9.70917 2.33598
123.105 -9.38515 3.40808
123.227 -8.90043 4.52115
123.358 -8.23818 5.63458
123.495 -7.38675 6.70901
123.64 -6.33924 7.70417
123.793 -5.09311 8.57768
123.942 -3.76351 9.23799
124.083 -2.42763 9.67506
124.216 -1.12615 9.91116
124.339 0.103777 9.9744
124.437 1.07686 9.91664
124.536 2.0459 9.76289
124.645 3.09877 9.48152
124.764 4.20493 9.04576
124.892 5.32267 8.43735
125.027 6.41262 7.64333
125.17 7.43506 6.65558
125.32 8.34853 5.47035
125.472 9.07884 4.15286
125.616 9.58072 2.81475
125.751 9.8737 1.50015
125.878 9.98453 0.246157
125.979 9.95899 -0.753258
126.08 9.83177 -1.75286
126.186 9.59075 -2.78056
126.303 9.20133 -3.87513
126.429 8.64345 -4.99316
126.562 7.90252 -6.09496
126.703 6.96893 -7.14095
126.851 5.83771 -8.09012
127.005 4.53381 -8.88564
127.15 3.19528 -9.44945
127.288 1.86937 -9.79822
127.417 0.593624 -9.95726
127.523 -0.46117 -9.96427
127.629 -1.51361 -9.85943
127.732 -2.51724 -9.65214
127.846 -3.59998 -9.30289
127.969 -4.71636 -8.79021
128.1 -5.82628 -8.09834
128.239 -6.8904 -7.21657
