-53.4306 31
105.847 -5.79286
64.5639 -15.66
2.58411 124.329
77.4054 52.2072
86.523 -14.5231
-68.5961 115.267
-28.4363 119.57
-7.79056 63.15
49.817 -15.4644
4.79174 122.984
70.029 53.6629
64.4603 -17.3568
4.11969 123.579
74.9574 52.3482
69.2252 -16.7127
0.714483 124.829
82.0017 51.5963
111.123 -4.31803
39.3184 -15.0466
-9.07335 124.215
77.3687 53.4302
122.389 1.01629
26.4191 -5.71829
-19.7814 125.857
74.2397 85.3403
70.8515 59.9156
115.01 -3.37479
27.0821 -9.36384
-29.8701 124.027
62.4334 99.2017
66.0373 63.0889
147.22 16.5707
62.7289 74.7167
1.15082 107.101
1.35435 113.413
-4.68985 77.5504
50.9538 -14.7082
6.24493 122.715
71.9929 53.1209
61.5984 -15.6855
4.76598 123.28
78.7408 51.0916
66.0178 -16.9978
0.573586 123.923
78.7851 51.3893
75.9418 -16.2485
-16.8165 125.905
84.1988 69.5718
75.3104 53.071
86.8308 -12.5803
-88.8503 104.845
-77.2392 108.645
-49.201 119.391
-0.89566 115.557
-2.91784 55.9443
63.9835 -16.1784
3.25659 123.995
72.888 53.2181
76.8898 -16.1755
-29.2593 123.815
72.1982 82.5368
68.7337 58.5146
87.9381 -14.0813
-81.6484 109.297
-71.5406 110.851
-27.7332 122.049
-0.705944 87.7407
85.9222 -14.0425
-67.9547 115.499
-26.5849 119.324
-0.809273 59.6179
60.8834 -17.7702
6.18546 123.298
79.8348 50.7507
66.4442 -16.908
2.69177 124.077
73.2441 53.179
78.7198 -15.9969
-36.3571 122.826
-9.88344 124.984
81.541 51.2491
94.7218 -8.69554
175.819 37.4944
-30.2457 124.58
1.05022 34.7021
137.034 9.80707
76.5695 55.8537
-156.751 58.3008
-166.8 51.1107
-124.88 82.0752
155.927 23.2521
63.2108 89.9252
72.6893 53.2683
71.7778 -16.4516
-14.8585 124.435
85.868 53.184
-138.612 70.531
147.333 15.9237
67.3798 76.1891
-4.41866 69.6208
47.3145 -14.7754
4.46168 123.11
77.0398 51.616
65.4422 -17.1523
5.73049 123.798
79.7296 50.9801
72.8269 -16.4587
-12.4308 125.156
85.6875 55.2424
-58.9032 114.957
1.07799 116.338
-7.47016 44.2569
80.3018 -15.0679
-46.8729 120.843
-5.72778 52.251
66.2573 -15.3855
-9.66299 123.94
82.1973 51.1381
98.7324 -9.06883
140.269 12.4129
65.676 58.7648
84.223 -15.0764
-64.0555 115.431
2.10895 107.29
6.43352 112.927
2.96471 85.3749
67.4089 -17.993
6.09336 124.127
75.3195 52.629
80.6628 -15.8136
-29.159 125.986
5.24538 14.031
-147.504 65.2042
155.271 23.03
55.3282 91.2671
82.2195 50.7295
84.0246 -13.4556
-57.4723 119.577
-11.1912 114.313
-6.29104 52.483
65.2557 -15.8936
5.35987 124.302
77.2651 52.224
86.7622 -15.7347
-69.3454 114.138
-13.1759 117.932
0.405395 25.3841
161.678 26.8311
42.8494 108.056
69.3976 55.1595
63.8618 -18.2827
10.553 123.177
70.9902 53.4298
66.5755 -16.9257
0.155132 124.057
79.3221 51.3419
79.3354 -15.7859
-25.3719 126.159
-174.122 45.3363
-110.29 91.0924
-160.269 55.1891
-160.018 56.6069
-154.811 59.6191
171.924 33.9344
-11.3559 123.775
85.8989 58.6182
0.126084 107.086
5.98734 113.314
3.87648 82.7603
56.8367 -17.0252
5.4668 122.736
71.5115 53.2601
62.671 -17.3488
-2.65039 123.068
77.5909 51.4517
65.9546 -17.1373
8.86719 123.823
80.7865 50.7159
75.4496 -16.7111
-19.208 125.112
85.0342 63.8487
43.2098 111.787
66.3977 60.1253
95.473 -8.61244
167.604 31.0775
9.52402 120.938
79.0025 51.3049
74.8864 -16.2342
-13.9678 125.863
90.049 61.3197
-119.761 86.8865
160.43 25.2257
37.8069 106.653
71.6128 54.6445
64.079 -17.6482
4.07201 123.467
70.7201 53.538
67.7104 -16.6288
3.07995 124.454
78.7974 51.9168
90.8186 -13.746
-112.83 90.2883
-165.109 52.4999
-126.021 80.4361
160.944 26.7789
49.5592 101.618
67.564 55.6086
63.9543 -18.1398
4.80301 123.376
80.4736 50.5539
66.7462 -16.685
0.810938 124.163
71.9448 53.6708
82.2616 -15.9714
-36.43 124.841
-6.93292 69.8288
47.5212 -15.5979
4.32503 123.108
77.0055 51.6265
65.4386 -17.1548
5.72481 123.797
79.6695 50.9987
72.9488 -16.6264
-13.6567 124.988
81.0831 56.7676
-51.4579 118.744
-11.1435 116.441
-2.37586 33.7714
124.955 3.21229
48.0824 -16.0283
5.25701 122.822
75.7473 52.0011
63.8141 -17.7878
4.30389 123.399
80.5839 50.5235
66.943 -16.644
0.330056 124.209
71.8794 53.753
84.8155 -16.5437
-47.4922 122.32
8.17093 101.257
-74.3449 110.064
-45.3385 120.003
8.43082 111.522
-2.01478 93.2307
153.262 19.9197
58.7809 89.8214
77.1313 52.6249
92.0844 -12.204
-126.866 82.0668
149.712 17.733
64.3008 81.6055
70.2627 88.4627
64.7478 62.3793
126.468 1.74069
66.7838 -16.165
5.15958 124.279
77.0459 52.2496
84.8275 -15.157
-61.9748 116.888
-5.13559 110.29
4.06179 95.3094
168.784 30.8744
9.36083 121.409
76.024 52.5116
82.8016 -15.3321
-41.2525 124.002
0.207642 91.0941
116.752 -3.45749
23.8006 -5.93985
-29.1095 125.388
76.8685 -15.3153
-35.9418 122.926
-1.57127 124.748
79.7501 50.8669
69.9151 -16.6654
-11.1423 124.224
77.2371 53.6547
128.351 2.95857
132.318 6.10009
-12.0031 120.043
-3.84708 40.6347
98.8637 -7.92845
129.088 4.33478
-140.693 70.0592
150.675 17.8639
59.5398 86.4799
84.911 55.9468
-47.1603 117.862
1.0154 104.726
-18.8207 118.706
-1.54759 37.7265
116.717 -2.8546
23.394 -6.9374
-34.4722 124.182
26.6182 -5.95191
-28.5494 125.169
-122.912 84.1681
160.364 24.6382
44.2872 106.197
76.6794 53.09
63.8012 -17.4161
4.2006 123.449
70.5604 53.577
67.5384 -16.6853
-3.83167 124.173
78.1115 52.0544
88.1448 -13.7862
-87.5359 105.968
-76.019 110.717
-91.8162 100.523
-93.7022 100.172
-106.816 94.1803
171.203 32.9735
-6.50381 123.392
77.3542 56.9175
-92.9735 101.803
-143.538 67.1678
149.839 17.3776
62.7042 83.6356
79.4289 68.2065
83.4616 61.9556
-8.10941 60.7238
51.5832 -15.3536
4.69567 122.921
78.0762 51.2755
64.157 -17.6634
4.14987 123.478
70.9437 53.4786
67.8066 -16.5912
-0.38027 124.426
75.364 53.0327
91.9868 -13.1398
-122.247 84.7403
158.466 24.6055
59.8125 95.9789
74.3329 53.2442
63.1636 -18.426
5.28176 123.209
75.647 52.0446
65.5305 -17.1571
5.76874 123.815
80.6356 50.6983
73.1243 -16.3925
-15.4073 124.886
85.8734 56.0313
-30.5539 120.651
2.9446 85.5558
69.5514 -19.4092
3.70905 124.373
77.4529 52.2306
88.817 -15.6155
-79.7604 109.963
-61.9405 113.12
5.48844 114.675
0.772704 69.7191
47.7572 -13.7908
6.24228 123.041
75.0778 52.2099
65.0447 -17.3089
4.19157 123.702
77.2091 51.7161
71.9497 -17.6947
-14.9336 124.102
78.3152 54.4595
171.561 33.4271
-1.67492 123.239
86.8201 52.1182
-164.048 53.1487
-130.998 77.1051
151.187 18.5877
60.235 86.0082
86.8596 56.2419
-27.0427 118.334
-2.03469 54.8779
66.6305 -14.9451
-0.523194 124.772
78.1196 52.8147
109.983 -4.88501
42.7428 -12.0964
5.25454 123.902
72.1969 53.4463
77.7021 -16.1496
-17.742 126.606
63.3687 95.359
73.7659 60.7771
149.163 17.7948
65.1029 78.3873
12.0519 5.51164
-97.8482 99.3896
-106.021 93.8539
-174.517 43.8772
-98.0302 98.5499
-106.278 93.9011
-174.697 45.0432
-64.8231 115.75
-15.1893 118.94
2.2164 33.7364
145.269 14.8648
67.2488 73.0851
6.70277 109.029
1.62327 107.262
6.22009 113.066
3.4853 84.4815
63.6731 -18.6788
4.8478 123.318
80.3874 50.5689
66.2885 -16.8344
2.7572 124.054
72.6848 53.3211
78.1782 -16.1118
-19.1318 126.624
54.718 105.569
64.71 62.3108
123.677 1.07316
32.4123 -9.68316
-15.0407 124.489
77.3739 57.3226
-84.9185 104.514
-66.5161 114.721
-50.4989 118.514
-2.295 113.878
-4.50482 70.1251
47.1575 -14.6805
4.59288 123.114
77.1028 51.597
65.4766 -17.1458
5.75798 123.806
80.1535 50.8486
73.1727 -16.6693
-14.2896 124.973
82.9293 56.5763
-45.8493 118.374
6.79767 105.119
-16.8002 119.551
-2.17541 41.054
104.269 -7.64698
81.3924 -14.0662
-56.9452 117.913
-1.99496 94.0598
168.182 31.117
9.27144 119.167
77.1485 51.6242
63.8599 -18.3774
6.02048 123.316
79.7028 50.7927
66.5517 -17.0777
1.08359 124.046
79.9117 51.1211
79.7224 -17.2592
-28.748 124.867
8.51377 122.253
76.5979 52.6969
62.1373 -18.625
0.270497 122.98
77.179 51.5583
64.2259 -17.1456
4.18948 123.565
74.4353 52.4988
69.7566 -17.5902
-9.31729 124.137
74.4057 53.877
107.631 -6.7503
59.5556 -17.6028
4.42564 123.358
80.4185 50.5741
66.8524 -16.7167
0.629254 124.179
82.35 50.4652
82.6184 -15.6167
-38.6354 124.576
1.64643 85.4524
67.4446 -15.5649
5.15156 124.637
81.9699 51.2051
98.3985 -9.01809
143.591 15.0253
69.0231 65.6802
-118.826 84.7331
166.807 30.8205
36.0934 112.898
74.883 52.9162
61.9764 -18.6719
-1.72251 122.87
71.3617 53.2888
63.9735 -17.0441
4.12035 123.531
73.048 52.895
68.1859 -16.2234
2.54265 124.669
78.2499 52.4423
99.3375 -8.3877
130.48 6.88858
-96.2462 98.2749
-109.982 92.1831
164.822 28.1403
32.7408 114.017
71.5124 53.809
61.6486 -18.462
7.78659 122.953
79.1559 50.9307
64.1166 -17.4215
4.02054 123.504
71.1187 53.4382
68.068 -16.505
1.13183 124.555
77.5172 52.5091
94.6688 -10.3369
-167.04 52.0096
-109.011 93.4422
173.292 34.2896
-27.7076 122.627
74.583 85.1043
70.8953 59.8488
114.104 -3.5987
29.2463 -10.3951
-23.8212 124.671
76.6794 76.2211
71.371 54.577
64.6724 -17.2964
3.96724 123.631
75.1326 52.3174
69.9858 -16.7228
-11.7329 124.159
77.2822 53.6595
128.953 3.158
166.771 29.9359
28.198 115.858
71.146 53.6603
61.8285 -18.6451
6.78488 122.981
79.3632 50.864
64.1461 -17.418
4.00685 123.51
72.8075 52.9576
67.9939 -16.3166
2.05109 124.59
77.7464 52.4717
96.1338 -10.6131
179.881 41.9462
-30.5509 124.562
-0.956652 37.8428
118.492 -0.149118
21.8053 -0.195854
-45.7005 120.827
1.27995 37.8338
127.55 4.153
114.272 -3.73403
28.882 -9.98217
-24.6146 124.605
76.0556 78.3884
70.8351 56.0223
70.926 -16.3685
-13.0503 124.409
83.1492 53.011
176.813 37.1819
-30.3664 124.573
0.268364 35.811
130.239 6.24436
-97.7311 98.9489
-155.847 57.9394
172.734 34.4554
-20.2509 123.466
83.0136 69.6058
78.6006 52.5152
101.401 -8.61863
112.425 -2.68179
31.5685 -10.3693
-7.7487 126.19
80.4307 62.9222
-7.26263 63.0605
50.6096 -16.2828
-0.796235 122.858
75.1066 52.195
64.3322 -17.3709
3.8565 123.552
72.7813 52.9803
68.4744 -16.2348
2.32079 124.746
77.8506 52.7177
104.959 -8.49138
81.9792 -13.8344
-54.3071 119.654
11.8528 103.147
-44.7219 118.87
7.25973 105.031
-18.2987 119.654
-4.58397 42.4304
92.2529 -11.3845
-140.383 71.755
153.443 21.7255
58.4928 87.2341
79.1968 56.4544
-86.6058 105.622
-131.503 75.856
149.634 17.7457
65.427 80.8696
66.8022 95.4969
64.0725 63.7603
149.994 18.2998
64.0408 80.5527
2.79219 123.253
71.4868 53.576
60.5952 -18.1414
5.06961 122.903
76.9994 51.6139
63.7523 -17.7179
4.53137 123.397
80.647 50.5025
66.9153 -16.6293
0.373038 124.206
82.66 50.3987
84.6855 -16.5637
-47.1032 122.371
10.3976 100.05
-100.641 97.0555
-160.178 54.6517
-171.57 46.9383
-105.625 95.0173
-160.994 55.7014
-144.209 67.4015
150.409 17.7202
60.2427 85.6333
85.6776 58.2971
-4.7328 110.508
5.09691 95.5164
170.573 32.5572
3.66801 122.705
75.4117 54.2378
128.874 4.56306
144.778 15.0081
71.3849 65.9214
-94.6238 98.9091
-101.942 96.228
-160.648 54.5866
-163.394 53.9079
-143.333 67.8309
151.219 20.0793
62.0948 82.2999
67.6068 89.6153
74.329 59.5563
128.037 4.11757
107.32 -8.146
64.7871 -16.4565
-0.0740784 124.201
82.0508 50.6248
85.4277 -16.5259
-62.2894 116.203
7.36992 106.376
-11.3761 116.064
-1.39014 42.0854
103.717 -7.62252
85.3132 -12.8991
-74.8725 112.34
-44.932 117.68
9.64947 98.2712
-143.088 67.6405
151.601 19.7505
62.2885 84.5395
83.124 61.5588
-4.38347 78.142
51.7945 -15.0763
5.57939 122.699
71.3095 53.3186
63.1257 -18.004
6.42887 123.237
77.2536 51.5562
65.9583 -17.2103
8.47036 123.827
80.6039 50.7666
75.2347 -16.771
-19.249 124.989
82.5801 63.425
43.9468 -12.8307
2.37254 124.262
77.2035 52.3318
87.0298 -12.805
-90.2984 103.863
-77.1827 108.698
-50.1612 119.053
-3.01299 115.671
-2.87409 52.8582
70.9215 -16.358
-2.70922 125.647
77.3749 56.2715
-127.047 79.0256
152.693 19.6482
59.1407 89.0051
83.3898 51.2478
111.905 -4.17223
34.8093 -8.84407
-12.7951 124.484
86.7995 52.5869
-146.548 65.6091
159.563 25.3621
46.3755 102.354
74.6301 53.5551
63.8838 -18.1201
3.50322 123.367
79.0775 51.0027
66.9404 -17.0591
-0.362054 124.105
79.529 51.3376
81.1028 -15.6015
-45.2193 121.373
-6.43472 44.349
82.5678 -14.3907
-45.9018 123.033
12.5286 102.983
-47.2375 118.466
-0.15369 107.585
-0.912205 110.441
9.5977 98.3539
-141.997 68.362
150.323 18.836
62.1666 82.1906
77.0929 87.3656
64.0644 63.0833
135.723 7.54794
55.2704 102.307
64.5569 63.3391
142.866 12.8814
65.2498 64.8593
-171.891 45.5464
-112.828 90.1682
-179.408 41.2633
-37.7014 123.447
-0.713202 79.0333
53.4869 -19.0608
6.29671 122.715
71.9973 53.1196
61.5928 -15.676
4.76809 123.28
78.3483 51.2163
66.0339 -17.0166
0.354666 123.917
77.1501 51.9029
75.9807 -16.2833
-16.9057 125.895
83.6049 69.8484
73.1941 53.6545
85.4178 -12.9944
-78.1172 110.059
-24.4556 122.012
-5.68651 78.6873
54.0064 -15.7853
4.44418 122.681
70.488 53.5536
63.2906 -18.4475
5.45286 123.224
77.1471 51.5851
65.6903 -17.1832
5.79607 123.845
79.5219 51.078
74.5124 -17.274
-17.7852 124.753
89.5611 56.4503
-3.1909 114.074
-3.97362 70.1148
47.0142 -14.2769
5.95206 123.102
75.8383 51.9865
65.4355 -17.1059
5.79184 123.803
80.0551 50.879
73.1802 -16.7272
-17.3615 124.485
78.8507 57.8515
-47.2142 118.469
-1.27253 107.755
3.9116 109.636
9.39029 104.188
-27.3827 120.89
-3.17922 77.6543
51.2842 -16.5031
10.0686 122.634
74.3949 52.4145
63.9109 -18.5591
5.25466 123.31
77.6732 51.4355
66.3576 -17.0221
1.08199 124.01
79.4839 51.2273
78.9702 -17.4949
-27.5571 124.665
71.6155 92.6105
71.8125 61.4331
149.586 18.0237
62.2711 80.2879
178.907 39.9235
-61.7964 116.358
-9.35938 113.474
0.863156 68.034
49.2273 -14.4132
6.40959 122.97
71.0891 53.3677
64.3426 -17.1709
4.18397 123.583
75.2052 52.2754
68.8355 -16.1515
4.01024 124.871
77.5304 53.078
112.608 -4.26944
33.3425 -10.4812
-18.4562 124.22
89.3666 54.8579
-27.387 121.171
5.21443 83.4145
57.0594 -15.9567
4.74519 122.792
73.8685 52.5716
63.7747 -18.4846
10.2591 123.152
79.3401 50.9037
66.1918 -16.9689
3.32576 124.01
80.8553 50.7595
77.4026 -16.6293
-20.6989 125.757
72.814 83.3428
65.8484 59.9807
95.7618 -12.1645
-165.015 53.2003
-129.941 79.0882
148.466 16.9347
60.2299 80.2716
42.1276 -13.6609
-10.1066 123.907
74.2639 53.9204
107.635 -6.74532
59.0358 -16.8899
5.99914 123.341
80.2063 50.6425
66.8808 -16.7909
0.635959 124.172
82.0853 50.5448
82.6293 -15.902
-36.9184 124.951
4.6727 82.3281
54.3511 -15.333
10.6322 122.538
70.6259 53.5146
63.3086 -18.4486
5.47994 123.226
77.1668 51.5794
65.7141 -17.1837
5.80117 123.85
79.6001 51.0564
74.0901 -16.679
-16.3851 125.023
80.239 60.0624
6.54209 112.086
-0.065421 90.8463
114.21 -4.00399
29.0972 -10.0029
-23.6396 124.732
76.0213 76.8575
71.425 54.806
65.5277 -17.1788
5.72423 123.813
80.4917 50.7434
73.1224 -16.4508
-16.0749 124.764
85.793 55.9271
-29.2844 121.825
-2.82683 90.3336
116.28 -3.38613
24.4242 -6.11989
-29.0299 125.148
-175.296 44.4397
-90.2009 104.86
-130.912 77.0716
148.304 17.0647
64.6693 77.9641
-4.42424 36.7838
107.801 -4.66355
51.2537 -15.2402
4.29477 123.167
77.2345 51.5594
65.7311 -17.1724
5.81371 123.855
79.6869 51.0323
74.1706 -16.6362
-16.7188 125.019
84.5797 58.9451
7.51035 108.868
-1.53203 107.802
3.55715 109.502
8.81406 104.663
-15.9122 121.711
-5.86939 59.6647
54.0526 -14.8367
4.70356 122.936
77.5491 51.4414
64.1578 -17.7092
4.06016 123.471
70.7631 53.5273
67.75 -16.6153
3.7435 124.467
77.3388 52.3951
89.3905 -11.3087
-116.135 88.4475
178.535 40.1254
-28.792 122.952
47.1477 107.04
67.0396 61.9949
130.157 5.50002
-143.853 67.4156
154.922 22.5135
67.1766 87.5819
72.5462 53.6517
82.6213 -15.4864
-53.8893 118.875
0.153311 86.8388
78.5364 -16.0909
-20.6402 126.574
17.7782 120.901
67.2266 56.0804
63.927 -17.4273
4.07705 123.47
70.7738 53.524
67.7407 -16.6176
3.60732 124.465
77.3343 52.3922
89.2877 -11.3656
-116.223 88.1773
177.141 37.2535
-40.8502 122.537
-1.20303 81.8929
59.8659 -19.1792
6.60163 122.817
76.1274 51.8868
63.8678 -18.3203
6.20275 123.321
80.144 50.6516
66.5055 -16.9077
0.254825 124.046
79.2646 51.3478
78.8384 -15.6672
-37.7524 122.614
-68.6344 115.736
-29.1516 119.701
-3.23456 69.1883
48.4434 -16.4469
4.81844 123.094
75.8575 51.9781
65.2676 -17.1163
5.6777 123.767
77.952 51.5264
73.7522 -18.1757
-17.2658 124.227
83.871 54.6555
-103.142 94.8412
-154.995 58.7664
172.211 34.0878
-14.7642 123.778
89.6409 60.77
29.5294 -4.88582
-18.0269 126.023
76.8787 81.0952
68.0912 58.8868
91.1912 -14.8234
-102.995 97.2545
-147.136 66.2078
168.342 31.3053
3.72602 120.623
80.1549 50.7926
70.528 -16.4467
-11.1066 124.492
79.8666 53.5566
155.912 22.1519
62.943 91.9364
69.8079 54.0284
64.1048 -17.4316
4.0252 123.501
71.0919 53.4447
68.0356 -16.516
3.08762 124.565
77.8246 52.3943
94.1545 -10.536
-161.656 55.8344
-150.444 62.9305
163.213 28.4305
36.3855 108.657
71.3324 54.6919
63.5946 -17.3883
4.00479 123.415
80.5697 50.5327
67.1038 -16.6172
-0.0943652 124.243
72.2532 53.6996
83.4888 -13.2104
-55.8791 120.059
0.307304 113.703
-6.60453 72.4785
48.4127 -16.459
5.2095 123.021
73.8784 52.5659
64.6899 -17.123
4.07061 123.66
75.6056 52.1875
71.5837 -18.0772
-2.766 125.072
77.4495 53.9938
143.513 14.1094
65.4409 64.6883
-174.2 44.0036
-95.8116 100.387
-119.975 83.5722
168.143 31.0098
6.25448 119.732
69.5348 53.8417
64.768 -17.052
4.56517 123.685
77.15 51.7263
71.5734 -17.5714
-14.5502 124.066
79.9574 53.6241
159.224 24.202
49.5829 101.784
67.5414 55.6372
63.4671 -17.4104
5.5885 123.381
80.2867 50.618
66.9265 -16.7491
0.510585 124.188
82.3227 50.4875
83.2102 -15.7975
-41.9391 123.755
1.16797 90.9931
112.923 -4.32652
33.2231 -12.9983
-20.5182 124.133
89.8846 56.7398
7.92242 111.565
-2.24068 93.7792
163.596 27.5966
39.5734 109.873
74.7054 53.4555
63.3374 -18.4428
5.51572 123.232
77.2104 51.5668
65.7749 -17.1861
5.80734 123.863
79.7962 51.0021
74.5741 -16.9189
-17.3261 124.984
85.2446 59.2414
2.43634 103.381
-27.7599 121.796
-0.867894 86.8409
80.5363 -16.0898
-28.7267 125.908
22.0811 -0.479872
-43.1032 122.814
-0.672132 81.8961
59.4094 -19.1736
6.61696 122.785
74.1563 52.4853
63.859 -18.5224
5.25475 123.306
77.6354 51.4466
66.3256 -17.0287
1.00986 124
79.293 51.2809
78.9087 -17.675
-30.7187 123.743
76.8884 87.6823
64.9419 62.944
137.679 8.86009
77.4157 53.5601
121.216 -1.07482
23.4382 -2.42375
-27.9502 125.435
172.994 35.9284
-19.9468 123.528
84.3175 69.1895
78.1258 52.574
99.9168 -11.5306
146.808 17.4857
66.8679 73.2427
6.23957 108.78
7.22341 108.626
6.95972 109.245
3.03066 106.259
-6.64484 116.245
-5.33161 42.5864
90.115 -12.7661
-114.502 89.5056
178.711 38.4817
-51.36 119.949
3.09362 104.288
-28.1623 118.67
-1.83689 59.4397
60.0724 -17.7609
5.98362 123.211
77.2429 51.5575
65.8135 -17.1864
8.86303 123.784
80.2393 50.8649
74.7121 -16.8717
-17.7432 124.989
85.606 59.771
10.9616 96.3854
175.09 35.8381
-32.2802 122.503
-11.0087 126.742
81.8388 60.9105
5.43155 98.3116
-135.779 72.798
148.893 18.3608
60.5421 78.2993
-1.68512 71.7049
47.0198 -14.4384
4.81307 123.112
77.1403 51.5852
65.4675 -17.1439
5.75596 123.804
80.0721 50.8739
73.1831 -16.7181
-15.0332 124.854
81.4149 57.0155
-50.7507 116.794
7.33358 107.646
4.41356 112.903
-2.71004 83.4815
65.5983 -17.4651
3.97256 123.843
79.281 51.1452
74.5599 -17.6732
-18.2238 124.552
79.9028 58.9001
-8.23598 119.998
-0.938681 38.4517
116.82 -2.66682
23.2591 -6.92647
-35.4409 123.955
19.5203 2.54647
-62.4895 115.956
7.44943 106.503
-9.88427 115.841
-0.480955 47.1365
90.7513 -11.7186
-124.206 83.4226
156.25 23.5089
61.6393 90.8937
76.9471 51.9172
68.6801 -16.3953
1.84673 124.764
78.103 52.6825
106.468 -8.28571
69.9767 -15.1251
-16.2921 124.4
86.9412 53.7066
-93.8308 101.028
-133.044 76.3209
149.671 19.0036
62.5654 79.1162
9.48555 14.8237
-113.672 91.0191
164.237 27.8485
22.8839 114.572
66.7659 55.3607
62.2397 -18.5977
4.33834 123.064
71.4861 53.2548
64.2772 -17.065
3.94299 123.586
74.6437 52.4452
69.8788 -17.3732
0.0565523 124.844
81.0636 51.9718
113.427 -3.79787
30.4882 -8.55159
-17.2434 125.273
79.3692 65.9569
42.9968 110.042
73.7019 59.0549
113.898 -3.67294
29.8766 -10.9413
-20.7349 125.1
84.17 70.2313
79.8873 51.2078
75.3946 -16.7831
-19.2901 125.046
90.7388 61.169
-89.6136 104.267
-62.1081 114.407
-12.5815 118.685
0.668969 27.7971
157.385 24.2478
62.0313 95.0526
74.3067 53.2157
63.1185 -18.4248
5.24886 123.203
75.5525 52.0725
65.5298 -17.2313
5.66274 123.804
79.9885 50.9001
73.2044 -16.7688
-17.0548 124.531
78.8171 57.8341
-45.9259 119.166
5.96194 109.263
10.9209 106.161
-12.3685 117.314
-2.13631 30.1703
136.236 9.83045
77.0168 75.1792
72.0145 53.855
63.8021 -17.5044
4.03338 123.436
70.1949 53.6748
67.4286 -16.7328
-0.484856 124.292
73.042 53.5454
85.8837 -13.1463
-66.0113 117.086
-35.2997 120.749
-2.14854 93.9142
165.826 29.217
17.9634 116.199
75.0983 52.7216
61.8104 -18.7092
6.56324 122.978
78.9948 50.9824
64.0988 -17.4243
4.02824 123.5
71.0907 53.4448
68.0313 -16.5174
3.07291 124.564
78.1003 52.3052
93.8254 -10.2235
-161.009 56.2825
-154.469 59.8153
170.262 32.6684
1.03407 122.929
76.8489 54.3567
149.474 17.8234
60.1263 80.993
-164.447 53.3247
-149.553 63.8743
164.336 29.5251
35.1026 109.643
71.8671 54.4736
63.5156 -17.7058
4.04966 123.36
70.1788 53.6596
66.7383 -16.9171
-0.0773307 124.092
79.5698 51.3024
80.3002 -15.4832
-44.5831 121.183
7.51522 10.8369
-123.892 83.4572
157.052 24.0813
59.4669 92.8178
70.1356 53.913
64.6638 -17.3537
3.9844 123.619
76.171 51.997
70.4207 -17.4457
-0.149691 124.981
83.8239 51.3944
124.528 1.2848
39.7353 -15.2929
-2.9305 124.036
78.3751 51.9362
87.0723 -13.9363
-76.4533 111.775
-57.1047 114.507
4.03737 109.869
0.397837 102.004
-53.431 115.974
5.77547 109.156
8.2581 106.52
-10.0908 116.064
-0.946242 44.387
96.9044 -8.06716
149.493 19.0066
64.1495 80.587
24.4708 120.235
74.7698 53.7239
63.7591 -18.3052
6.01673 123.31
79.4415 50.8756
66.4282 -16.993
1.33122 124.038
80.0246 51.0727
79.1145 -17.0141
-27.7876 124.91
42.8506 110.619
74.4092 58.5479
109.428 -5.99085
47.1166 -13.6181
5.05544 123.395
70.6321 53.5731
68.0073 -16.5439
2.86545 124.551
78.1125 52.2816
93.1641 -10.2948
-152.247 63.3446
-179.436 41.0151
-55.8664 118.222
7.14793 107.104
-5.78158 114.07
0.872401 68.8077
48.7333 -14.5803
4.5191 123.019
71.5995 53.2253
64.4247 -16.9262
4.25302 123.636
75.3725 52.2474
71.1399 -17.9852
-2.39465 124.977
77.4593 53.6703
131.542 5.95053
-57.3814 114.829
4.95577 112.917
-1.93007 83.0891
64.5896 -19.3485
4.58794 123.379
80.4465 50.5639
66.8136 -16.7145
0.704162 124.172
82.3046 50.4703
83.2608 -16.631
-37.201 124.829
0.318161 80.1274
53.5623 -17.2559
6.68545 122.671
70.91 53.4333
63.388 -18.4578
5.55329 123.236
77.2363 51.5594
65.8185 -17.1887
8.85316 123.785
80.2488 50.8623
74.7247 -16.869
-17.5266 125.032
85.6025 59.8291
-2.1187 93.6984
161.908 26.7121
43.2559 105.998
74.7684 53.701
63.8236 -17.3417
4.10917 123.463
70.7158 53.5379
67.6714 -16.6403
2.42614 124.437
77.4612 52.3194
88.6451 -11.969
-103.046 97.1917
-146.895 66.2975
167.424 30.9262
14.1022 118.539
77.2589 51.6317
62.918 -18.4684
5.22714 123.168
75.1104 52.2021
65.2679 -17.2822
5.36821 123.745
77.4618 51.6644
73.144 -18.0512
-15.0287 124.399
84.9316 53.457
-131.518 77.6042
147.847 16.2433
64.7057 78.3039
2.72245 17.1893
-165.828 51.6795
-145.953 66.3641
153.525 19.8695
62.984 90.5151
75.4732 52.363
68.1855 -16.2861
2.29247 124.653
78.3236 52.394
100.513 -11.4058
138.47 10.3563
74.675 53.5855
67.4022 -17.8509
-6.62621 123.688
75.0808 52.68
80.0557 -15.8705
-28.0263 125.9
53.7659 -16.4422
5.90677 123.534
76.0647 52.028
70.3607 -17.4576
-0.193781 124.959
83.248 51.5347
122.792 0.727532
29.187 -12.3424
-12.5762 126.326
86.6964 68.9422
79.1446 51.6289
80.9144 -15.6773
-45.6877 121.033
-4.22599 32.4887
120.323 0.130967
23.677 -7.97968
-32.2424 124.541
86.2428 -13.0341
-84.9836 107.056
-67.1637 112.614
-31.0924 118.205
-5.25028 58.8026
58.1152 -18.6139
4.43758 123.013
69.9989 53.67
64.3705 -17.3957
3.88535 123.556
73.0338 52.9083
68.4574 -16.1513
3.66503 124.764
73.3655 54.1182
105.122 -6.86282
73.7035 -14.2493
-18.1068 125.856
84.4502 72.1451
70.9144 54.0945
63.7853 -17.3818
4.25909 123.45
70.5952 53.5676
67.5461 -16.6816
-3.81959 124.176
78.0589 52.0747
88.2955 -13.8125
-89.5845 104.724
-84.191 106.275
-103.261 94.9859
-155.811 58.4776
179.849 40.5036
-47.8152 120.893
1.79831 98.2634
-124.067 81.3806
154.774 21.0421
64.5903 90.8325
78.6833 51.3375
65.1616 -17.0636
5.68842 123.754
77.5984 51.6293
73.457 -18.1281
-16.731 124.222
82.5427 54.6627
-121.904 82.7888
158.239 23.6071
55.5692 98.889
71.064 54.4965
63.826 -18.5016
5.24626 123.305
77.663 51.4377
66.4466 -17.1995
1.1794 124.001
79.4477 51.2288
78.6121 -17.4502
-27.555 124.51
66.7891 90.4576
74.3118 59.787
132.165 6.10537
-19.3458 120.585
-1.15174 60.1699
59.9336 -18.2815
5.24529 123.169
75.3684 52.1268
65.5176 -17.3681
5.42078 123.782
78.6084 51.3261
72.2158 -16.1784
-12.6251 124.991
80.3693 56.2553
-76.3318 110.502
-78.8953 109.564
-100.638 96.7396
-153.064 59.9297
164.527 28.3461
36.9467 112.755
74.5411 53.0085
61.9599 -18.6804
14.5859 122.594
70.8017 53.4463
64.1201 -17.2644
3.965 123.527
72.8084 52.9633
68.1805 -16.277
2.33369 124.654
78.1301 52.4559
98.3581 -8.27962
138.147 10.0789
71.0714 54.2495
66.4514 -16.9746
2.39904 124.064
71.8322 53.579
78.5175 -16.0779
-20.1933 126.622
22.5487 119.19
66.3369 57.3967
70.6244 -17.4863
-0.40329 125.027
84.4567 51.319
129.347 4.69293
171.655 33.2362
-10.1933 123.193
80.168 56.7186
-65.4497 114.216
-28.0553 122.375
-0.911286 90.9111
117.52 -2.98702
23.0517 -7.03718
-37.6102 123.39
10.5619 11.4897
-104.017 96.8732
-166.126 50.2077
-145.721 66.3703
152.223 18.8583
58.9891 89.7196
77.2728 52.6094
92.8316 -11.8464
-140.447 71.5751
152.177 20.3559
62.4584 84.9915
89.0952 56.7922
0.686443 113.459
-4.83292 77.5761
51.0774 -14.7265
5.75759 122.716
71.8628 53.1587
61.7568 -15.958
4.46589 123.276
77.8035 51.3873
66.0594 -17.1108
-6.06553 123.551
71.8218 53.4841
75.7546 -16.3206
-16.2605 125.879
85.3978 67.4471
77.5349 55.7708
-145.91 66.2351
160.063 26.0093
48.5965 101.75
74.5876 53.5673
63.8867 -18.1273
3.52482 123.367
79.1412 50.9822
66.9354 -17.0589
-0.354895 124.104
79.5227 51.3384
81.0701 -15.6072
-45.2315 121.344
-5.48123 43.6098
86.3412 -12.6996
-78.8346 110.967
-66.805 113.261
-33.2177 119.433
-1.27413 78.8753
50.9628 -14.6426
6.2789 122.713
71.9474 53.1341
61.6524 -15.781
4.69489 123.278
78.1087 51.2917
66.0344 -17.0428
-2.44426 123.8
80.7643 50.7494
76.3636 -16.8287
-24.9343 124.325
85.2366 68.5002
77.3573 53.3273
115.118 -3.79548
27.0614 -9.35556
-28.178 124.465
62.3926 99.4396
64.8624 63.3854
145.481 14.4275
70.8187 70.3027
-6.12179 117.3
-2.87283 38.3446
109.433 -4.47429
42.9871 -12.3018
4.22833 123.88
71.7555 53.547
77.0498 -16.3026
-16.8703 126.374
73.1884 82.6344
65.7349 59.6511
89.9637 -11.6735
-119.771 85.7673
169.648 32.1046
9.15676 121.466
75.3198 52.7644
83.9375 -15.2099
-52.4573 120.581
6.17021 104.388
-27.8298 119.333
-7.29245 61.6141
51.2101 -15.2498
5.10526 122.927
78.1163 51.2629
64.222 -17.6645
4.22486 123.489
71.1018 53.438
67.919 -16.5511
0.452911 124.489
77.4086 52.4622
92.6599 -11.4692
-140.201 72.0406
151.405 18.312
69.4788 84.6055
76.8199 54.7223
160.563 25.6335
44.9148 103.892
74.8632 53.6076
63.6603 -17.3039
4.25389 123.438
70.4283 53.6108
67.4451 -16.7176
-0.577699 124.296
73.0335 53.5575
86.2635 -13.2159
-67.9794 116.326
-46.332 118.443
6.72026 105.482
-11.389 119.187
0.53578 34.585
135.252 8.88036
-11.307 126.709
89.7574 58.2044
10.8207 97.3654
-163.034 53.1305
-146.404 66.6549
160.839 26.535
43.2906 104.309
74.6326 53.6786
63.698 -17.3565
4.19383 123.438
70.4008 53.6183
67.4426 -16.7195
-0.552545 124.296
73.062 53.5478
86.1914 -13.1845
-66.9499 116.822
-44.7876 118.822
8.208 104.288
-28.5542 119.938
-4.37674 71.3166
46.806 -14.0934
6.06051 123.093
75.7627 52.0087
65.3921 -17.1284
5.7374 123.791
79.3939 51.0837
