0 30
0.01 29.9986
0.02 29.9943
0.03 29.9871
0.04 29.9771
0.05 29.9642
0.06 29.9484
0.07 29.9298
0.08 29.9084
0.09 29.884
0.1 29.8569
0.11 29.8268
0.12 29.7939
0.13 29.7582
0.14 29.7196
0.15 29.6782
0.16 29.634
0.17 29.5869
0.18 29.537
0.19 29.4842
0.2 29.4287
0.21 29.3703
0.22 29.3091
0.23 29.2452
0.24 29.1784
0.25 29.1088
0.26 29.0364
0.27 28.9613
0.28 28.8833
0.29 28.8027
0.3 28.7192
0.31 28.633
0.32 28.5441
0.33 28.4524
0.34 28.358
0.35 28.2608
0.36 28.161
0.37 28.0584
0.38 27.9532
0.39 27.8452
0.4 27.7346
0.41 27.6213
0.42 27.5054
0.43 27.3868
0.44 27.2656
0.45 27.1418
0.46 27.0153
0.47 26.8863
0.48 26.7546
0.49 26.6204
0.5 26.4836
0.51 26.3442
0.52 26.2023
0.53 26.0579
0.54 25.911
0.55 25.7615
0.56 25.6096
0.57 25.4552
0.58 25.2983
0.59 25.139
0.6 24.9772
0.61 24.8131
0.62 24.6465
0.63 24.4775
0.64 24.3062
0.65 24.1325
0.66 23.9564
0.67 23.7781
0.68 23.5974
0.69 23.4144
0.7 23.2292
0.71 23.0417
0.72 22.8519
0.73 22.6599
0.74 22.4657
0.75 22.2694
0.76 22.0708
0.77 21.8701
0.78 21.6673
0.79 21.4623
0.8 21.2553
0.81 21.0462
0.82 20.835
0.83 20.6218
0.84 20.4065
0.85 20.1893
0.86 19.9701
0.87 19.7489
0.88 19.5258
0.89 19.3008
0.9 19.0739
0.91 18.8451
0.92 18.6145
0.93 18.382
0.94 18.1477
0.95 17.9117
0.96 17.6739
0.97 17.4343
0.98 17.193
0.99 16.9501
1 16.7054
1.01 16.4592
1.02 16.2112
1.03 15.9617
1.04 15.7107
1.05 15.458
1.06 15.2039
1.07 14.9482
1.08 14.6911
1.09 14.4325
1.1 14.1724
1.11 13.911
1.12 13.6482
1.13 13.3841
1.14 13.1186
1.15 12.8518
1.16 12.5837
1.17 12.3144
1.18 12.0439
1.19 11.7722
1.2 11.4993
1.21 11.2253
1.22 10.9501
1.23 10.6739
1.24 10.3966
1.25 10.1182
1.26 9.8389
1.27 9.55858
1.28 9.27731
1.29 8.99512
1.3 8.71203
1.31 8.42807
1.32 8.14327
1.33 7.85767
1.34 7.57127
1.35 7.28413
1.36 6.99626
1.37 6.70768
1.38 6.41844
1.39 6.12856
1.4 5.83807
1.41 5.547
1.42 5.25537
1.43 4.96321
1.44 4.67056
1.45 4.37745
1.46 4.0839
1.47 3.78993
1.48 3.49559
1.49 3.2009
1.5 2.9059
1.51 2.6106
1.52 2.31504
1.53 2.01924
1.54 1.72325
1.55 1.42708
1.56 1.13077
1.57 0.834352
1.58 0.537846
1.59 0.241287
1.6 -0.0552963
1.61 -0.351874
1.62 -0.648417
1.63 -0.944895
1.64 -1.24128
1.65 -1.53754
1.66 -1.83364
1.67 -2.12957
1.68 -2.42527
1.69 -2.72074
1.7 -3.01594
1.71 -3.31083
1.72 -3.60539
1.73 -3.89959
1.74 -4.19341
1.75 -4.4868
1.76 -4.77975
1.77 -5.07221
1.78 -5.36417
1.79 -5.6556
1.8 -5.94646
1.81 -6.23673
1.82 -6.52637
1.83 -6.81537
1.84 -7.10368
1.85 -7.39129
1.86 -7.67816
1.87 -7.96426
1.88 -8.24957
1.89 -8.53405
1.9 -8.81769
1.91 -9.10045
1.92 -9.3823
1.93 -9.66322
1.94 -9.94317
1.95 -10.2221
1.96 -10.5001
1.97 -10.777
1.98 -11.0528
1.99 -11.3276
2 -11.6012
2.01 -11.8736
2.02 -12.1449
2.03 -12.415
2.04 -12.6838
2.05 -12.9514
2.06 -13.2177
2.07 -13.4827
2.08 -13.7464
2.09 -14.0087
2.1 -14.2696
2.11 -14.5291
2.12 -14.7871
2.13 -15.0437
2.14 -15.2988
2.15 -15.5524
2.16 -15.8045
2.17 -16.055
2.18 -16.3039
2.19 -16.5512
2.2 -16.7969
2.21 -17.0409
2.22 -17.2832
2.23 -17.5238
2.24 -17.7628
2.25 -17.9999
2.26 -18.2353
2.27 -18.4689
2.28 -18.7007
2.29 -18.9306
2.3 -19.1587
2.31 -19.3849
2.32 -19.6092
2.33 -19.8316
2.34 -20.0521
2.35 -20.2705
2.36 -20.487
2.37 -20.7015
2.38 -20.914
2.39 -21.1244
2.4 -21.3327
2.41 -21.539
2.42 -21.7432
2.43 -21.9452
2.44 -22.1451
2.45 -22.3428
2.46 -22.5384
2.47 -22.7318
2.48 -22.9229
2.49 -23.1118
2.5 -23.2985
2.51 -23.4829
2.52 -23.665
2.53 -23.8448
2.54 -24.0224
2.55 -24.1975
2.56 -24.3703
2.57 -24.5408
2.58 -24.7089
2.59 -24.8746
2.6 -25.0378
2.61 -25.1987
2.62 -25.3571
2.63 -25.5131
2.64 -25.6665
2.65 -25.8175
2.66 -25.9661
2.67 -26.1121
2.68 -26.2555
2.69 -26.3965
2.7 -26.5349
2.71 -26.6707
2.72 -26.804
2.73 -26.9347
2.74 -27.0628
2.75 -27.1882
2.76 -27.3111
2.77 -27.4313
2.78 -27.5489
2.79 -27.6639
2.8 -27.7762
2.81 -27.8858
2.82 -27.9927
2.83 -28.097
2.84 -28.1985
2.85 -28.2974
2.86 -28.3935
2.87 -28.4869
2.88 -28.5775
2.89 -28.6655
2.9 -28.7506
2.91 -28.8331
2.92 -28.9127
2.93 -28.9896
2.94 -29.0637
2.95 -29.1351
2.96 -29.2036
2.97 -29.2693
2.98 -29.3323
2.99 -29.3924
3 -29.4497
3.01 -29.5042
3.02 -29.5559
3.03 -29.6048
3.04 -29.6508
3.05 -29.694
3.06 -29.7344
3.07 -29.7719
3.08 -29.8065
3.09 -29.8384
3.1 -29.8673
3.11 -29.8934
3.12 -29.9167
3.13 -29.9371
3.14 -29.9547
3.15 -29.9693
3.16 -29.9812
3.17 -29.9901
3.18 -29.9962
3.19 -29.9994
3.2 -29.9998
3.21 -29.9973
3.22 -29.9919
3.23 -29.9837
3.24 -29.9726
3.25 -29.9587
3.26 -29.9418
3.27 -29.9222
3.28 -29.8996
3.29 -29.8742
3.3 -29.846
3.31 -29.8149
3.32 -29.781
3.33 -29.7442
3.34 -29.7045
3.35 -29.6621
3.36 -29.6168
3.37 -29.5686
3.38 -29.5177
3.39 -29.4639
3.4 -29.4073
3.41 -29.3478
3.42 -29.2856
3.43 -29.2206
3.44 -29.1527
3.45 -29.0821
3.46 -29.0087
3.47 -28.9325
3.48 -28.8536
3.49 -28.7719
3.5 -28.6874
3.51 -28.6002
3.52 -28.5102
3.53 -28.4175
3.54 -28.3221
3.55 -28.2239
3.56 -28.123
3.57 -28.0195
3.58 -27.9132
3.59 -27.8043
3.6 -27.6927
3.61 -27.5784
3.62 -27.4615
3.63 -27.3419
3.64 -27.2197
3.65 -27.0949
3.66 -26.9675
3.67 -26.8375
3.68 -26.7049
3.69 -26.5697
3.7 -26.4319
3.71 -26.2916
3.72 -26.1488
3.73 -26.0034
3.74 -25.8555
3.75 -25.7052
3.76 -25.5523
3.77 -25.397
3.78 -25.2392
3.79 -25.079
3.8 -24.9163
3.81 -24.7512
3.82 -24.5838
3.83 -24.4139
3.84 -24.2417
3.85 -24.0671
3.86 -23.8902
3.87 -23.711
3.88 -23.5294
3.89 -23.3456
3.9 -23.1595
3.91 -22.9712
3.92 -22.7806
3.93 -22.5878
3.94 -22.3928
3.95 -22.1956
3.96 -21.9962
3.97 -21.7947
3.98 -21.5911
3.99 -21.3854
4 -21.1776
4.01 -20.9677
4.02 -20.7557
4.03 -20.5418
4.04 -20.3258
4.05 -20.1078
4.06 -19.8879
4.07 -19.666
4.08 -19.4421
4.09 -19.2164
4.1 -18.9888
4.11 -18.7593
4.12 -18.528
4.13 -18.2949
4.14 -18.0599
4.15 -17.8232
4.16 -17.5848
4.17 -17.3446
4.18 -17.1026
4.19 -16.8591
4.2 -16.6138
4.21 -16.3669
4.22 -16.1184
4.23 -15.8683
4.24 -15.6166
4.25 -15.3634
4.26 -15.1087
4.27 -14.8525
4.28 -14.5948
4.29 -14.3357
4.3 -14.0751
4.31 -13.8132
4.32 -13.5499
4.33 -13.2852
4.34 -13.0192
4.35 -12.752
4.36 -12.4835
4.37 -12.2137
4.38 -11.9427
4.39 -11.6706
4.4 -11.3972
4.41 -11.1228
4.42 -10.8472
4.43 -10.5706
4.44 -10.2929
4.45 -10.0142
4.46 -9.73448
4.47 -9.45381
4.48 -9.17219
4.49 -8.88966
4.5 -8.60624
4.51 -8.32197
4.52 -8.03687
4.53 -7.75096
4.54 -7.46429
4.55 -7.17687
4.56 -6.88873
4.57 -6.59991
4.58 -6.31043
4.59 -6.02031
4.6 -5.7296
4.61 -5.43832
4.62 -5.14649
4.63 -4.85415
4.64 -4.56132
4.65 -4.26804
4.66 -3.97433
4.67 -3.68022
4.68 -3.38575
4.69 -3.09094
4.7 -2.79582
4.71 -2.50041
4.72 -2.20476
4.73 -1.90889
4.74 -1.61283
4.75 -1.31661
4.76 -1.02025
4.77 -0.723797
4.78 -0.427268
4.79 -0.130697
4.8 0.165888
4.81 0.462456
4.82 0.758978
4.83 1.05542
4.84 1.35176
4.85 1.64797
4.86 1.94401
4.87 2.23986
4.88 2.53548
4.89 2.83085
4.9 3.12593
4.91 3.42071
4.92 3.71514
4.93 4.0092
4.94 4.30286
4.95 4.59609
4.96 4.88886
4.97 5.18114
4.98 5.47291
4.99 5.76413
5 6.05477
5.01 6.34481
5.02 6.63421
5.03 6.92296
5.04 7.21101
5.05 7.49834
5.06 7.78493
5.07 8.07074
5.08 8.35575
5.09 8.63992
5.1 8.92323
5.11 9.20565
5.12 9.48716
5.13 9.76772
5.14 10.0473
5.15 10.3259
5.16 10.6035
5.17 10.88
5.18 11.1554
5.19 11.4297
5.2 11.7029
5.21 11.9749
5.22 12.2458
5.23 12.5154
5.24 12.7838
5.25 13.0509
5.26 13.3167
5.27 13.5812
5.28 13.8443
5.29 14.1061
5.3 14.3665
5.31 14.6255
5.32 14.883
5.33 15.139
5.34 15.3936
5.35 15.6466
5.36 15.8981
5.37 16.148
5.38 16.3963
5.39 16.643
5.4 16.888
5.41 17.1314
5.42 17.3731
5.43 17.6131
5.44 17.8514
5.45 18.0879
5.46 18.3226
5.47 18.5556
5.48 18.7867
5.49 19.0159
5.5 19.2433
5.51 19.4688
5.52 19.6924
5.53 19.9141
5.54 20.1338
5.55 20.3515
5.56 20.5673
5.57 20.781
5.58 20.9927
5.59 21.2023
5.6 21.4099
5.61 21.6154
5.62 21.8188
5.63 22.02
5.64 22.2191
5.65 22.416
5.66 22.6108
5.67 22.8033
5.68 22.9936
5.69 23.1817
5.7 23.3675
5.71 23.5511
5.72 23.7324
5.73 23.9113
5.74 24.0879
5.75 24.2622
5.76 24.4342
5.77 24.6038
5.78 24.7709
5.79 24.9357
5.8 25.0981
5.81 25.258
5.82 25.4155
5.83 25.5706
5.84 25.7231
5.85 25.8732
5.86 26.0208
5.87 26.1659
5.88 26.3084
5.89 26.4484
5.9 26.5858
5.91 26.7207
5.92 26.853
5.93 26.9827
5.94 27.1099
5.95 27.2344
5.96 27.3563
5.97 27.4755
5.98 27.5921
5.99 27.7061
6 27.8174
6.01 27.926
6.02 28.0319
6.03 28.1351
6.04 28.2357
6.05 28.3335
6.06 28.4286
6.07 28.521
6.08 28.6107
6.09 28.6976
6.1 28.7817
6.11 28.8631
6.12 28.9417
6.13 29.0176
6.14 29.0907
6.15 29.1609
6.16 29.2284
6.17 29.2931
6.18 29.355
6.19 29.4141
6.2 29.4704
6.21 29.5238
6.22 29.5745
6.23 29.6223
6.24 29.6673
6.25 29.7094
6.26 29.7487
6.27 29.7851
6.28 29.8187
6.29 29.8495
6.3 29.8774
6.31 29.9025
6.32 29.9246
6.33 29.944
6.34 29.9605
6.35 29.9741
6.36 29.9848
6.37 29.9927
6.38 29.9977
6.39 29.9999
6.4 29.9992
6.41 29.9956
6.42 29.9892
6.43 29.9799
6.44 29.9677
6.45 29.9527
6.46 29.9348
6.47 29.9141
6.48 29.8905
6.49 29.864
6.5 29.8347
6.51 29.8026
6.52 29.7676
6.53 29.7297
6.54 29.689
6.55 29.6455
6.56 29.5991
6.57 29.5499
6.58 29.4979
6.59 29.4431
6.6 29.3854
6.61 29.325
6.62 29.2617
6.63 29.1956
6.64 29.1267
6.65 29.0551
6.66 28.9806
6.67 28.9034
6.68 28.8234
6.69 28.7407
6.7 28.6552
6.71 28.5669
6.72 28.4759
6.73 28.3822
6.74 28.2858
6.75 28.1866
6.76 28.0847
6.77 27.9802
6.78 27.8729
6.79 27.763
6.8 27.6504
6.81 27.5351
6.82 27.4172
6.83 27.2967
6.84 27.1735
6.85 27.0477
6.86 26.9193
6.87 26.7883
6.88 26.6547
6.89 26.5186
6.9 26.3799
6.91 26.2387
6.92 26.0949
6.93 25.9486
6.94 25.7998
6.95 25.6485
6.96 25.4947
6.97 25.3384
6.98 25.1797
6.99 25.0186
7 24.855
7.01 24.6891
7.02 24.5207
7.03 24.35
7.04 24.1769
7.05 24.0014
7.06 23.8236
7.07 23.6435
7.08 23.4611
7.09 23.2765
7.1 23.0895
7.11 22.9004
7.12 22.7089
7.13 22.5153
7.14 22.3195
7.15 22.1215
7.16 21.9213
7.17 21.7191
7.18 21.5146
7.19 21.3081
7.2 21.0995
7.21 20.8889
7.22 20.6762
7.23 20.4615
7.24 20.2447
7.25 20.026
7.26 19.8053
7.27 19.5827
7.28 19.3582
7.29 19.1318
7.3 18.9035
7.31 18.6733
7.32 18.4413
7.33 18.2075
7.34 17.9719
7.35 17.7345
7.36 17.4954
7.37 17.2545
7.38 17.012
7.39 16.7678
7.4 16.5219
7.41 16.2744
7.42 16.0253
7.43 15.7746
7.44 15.5224
7.45 15.2686
7.46 15.0133
7.47 14.7566
7.48 14.4983
7.49 14.2387
7.5 13.9776
7.51 13.7151
7.52 13.4513
7.53 13.1862
7.54 12.9197
7.55 12.652
7.56 12.383
7.57 12.1128
7.58 11.8414
7.59 11.5688
7.6 11.295
7.61 11.0202
7.62 10.7442
7.63 10.4672
7.64 10.1891
7.65 9.91001
7.66 9.62994
7.67 9.34891
7.68 9.06694
7.69 8.78408
7.7 8.50034
7.71 8.21576
7.72 7.93035
7.73 7.64416
7.74 7.3572
7.75 7.06951
7.76 6.78111
7.77 6.49204
7.78 6.20232
7.79 5.91198
7.8 5.62105
7.81 5.32956
7.82 5.03754
7.83 4.74501
7.84 4.45201
7.85 4.15856
7.86 3.8647
7.87 3.57046
7.88 3.27585
7.89 2.98092
7.9 2.6857
7.91 2.3902
7.92 2.09446
7.93 1.79852
7.94 1.50239
7.95 1.20612
7.96 0.90972
7.97 0.613233
7.98 0.316684
7.99 0.0201044
8 -0.276478
8.01 -0.573032
8.02 -0.869529
8.03 -1.16594
8.04 -1.46223
8.05 -1.75838
8.06 -2.05435
8.07 -2.35012
8.08 -2.64565
8.09 -2.94092
8.1 -3.23589
8.11 -3.53054
8.12 -3.82484
8.13 -4.11875
8.14 -4.41225
8.15 -4.70531
8.16 -4.99791
8.17 -5.29
8.18 -5.58156
8.19 -5.87257
8.2 -6.16299
8.21 -6.4528
8.22 -6.74196
8.23 -7.03045
8.24 -7.31824
8.25 -7.6053
8.26 -7.8916
8.27 -8.17711
8.28 -8.46181
8.29 -8.74566
8.3 -9.02865
8.31 -9.31073
8.32 -9.59189
8.33 -9.87209
8.34 -10.1513
8.35 -10.4295
8.36 -10.7067
8.37 -10.9828
8.38 -11.2578
8.39 -11.5317
8.4 -11.8045
8.41 -12.0761
8.42 -12.3464
8.43 -12.6156
8.44 -12.8835
8.45 -13.1501
8.46 -13.4155
8.47 -13.6795
8.48 -13.9421
8.49 -14.2034
8.5 -14.4632
8.51 -14.7216
8.52 -14.9786
8.53 -15.2341
8.54 -15.4881
8.55 -15.7405
8.56 -15.9914
8.57 -16.2407
8.58 -16.4885
8.59 -16.7346
8.6 -16.979
8.61 -17.2218
8.62 -17.4628
8.63 -17.7022
8.64 -17.9398
8.65 -18.1756
8.66 -18.4097
8.67 -18.6419
8.68 -18.8724
8.69 -19.1009
8.7 -19.3276
8.71 -19.5524
8.72 -19.7753
8.73 -19.9962
8.74 -20.2152
8.75 -20.4322
8.76 -20.6472
8.77 -20.8602
8.78 -21.0711
8.79 -21.28
8.8 -21.4868
8.81 -21.6915
8.82 -21.894
8.83 -22.0945
8.84 -22.2928
8.85 -22.4889
8.86 -22.6828
8.87 -22.8745
8.88 -23.064
8.89 -23.2513
8.9 -23.4362
8.91 -23.6189
8.92 -23.7994
8.93 -23.9774
8.94 -24.1532
8.95 -24.3266
8.96 -24.4977
8.97 -24.6664
8.98 -24.8327
8.99 -24.9966
9 -25.158
9.01 -25.3171
9.02 -25.4736
9.03 -25.6278
9.04 -25.7794
9.05 -25.9285
9.06 -26.0752
9.07 -26.2193
9.08 -26.3609
9.09 -26.4999
9.1 -26.6364
9.11 -26.7704
9.12 -26.9017
9.13 -27.0304
9.14 -27.1566
9.15 -27.2801
9.16 -27.401
9.17 -27.5193
9.18 -27.6349
9.19 -27.7479
9.2 -27.8582
9.21 -27.9658
9.22 -28.0707
9.23 -28.173
9.24 -28.2725
9.25 -28.3693
9.26 -28.4634
9.27 -28.5548
9.28 -28.6434
9.29 -28.7293
9.3 -28.8124
9.31 -28.8927
9.32 -28.9703
9.33 -29.0452
9.34 -29.1172
9.35 -29.1864
9.36 -29.2529
9.37 -29.3165
9.38 -29.3774
9.39 -29.4354
9.4 -29.4907
9.41 -29.5431
9.42 -29.5926
9.43 -29.6394
9.44 -29.6833
9.45 -29.7244
9.46 -29.7626
9.47 -29.798
9.48 -29.8305
9.49 -29.8602
9.5 -29.8871
9.51 -29.9111
9.52 -29.9322
9.53 -29.9505
9.54 -29.9659
9.55 -29.9784
9.56 -29.9881
9.57 -29.9949
9.58 -29.9989
9.59 -30
9.6 -29.9982
9.61 -29.9936
9.62 -29.9861
9.63 -29.9757
9.64 -29.9625
9.65 -29.9464
9.66 -29.9274
9.67 -29.9056
9.68 -29.881
9.69 -29.8534
9.7 -29.8231
9.71 -29.7899
9.72 -29.7538
9.73 -29.7149
9.74 -29.6731
9.75 -29.6285
9.76 -29.5811
9.77 -29.5309
9.78 -29.4778
9.79 -29.4219
9.8 -29.3632
9.81 -29.3017
9.82 -29.2374
9.83 -29.1703
9.84 -29.1003
9.85 -29.0276
9.86 -28.9522
9.87 -28.8739
9.88 -28.7929
9.89 -28.7091
9.9 -28.6226
9.91 -28.5333
9.92 -28.4413
9.93 -28.3466
9.94 -28.2491
9.95 -28.1489
9.96 -28.0461
9.97 -27.9405
9.98 -27.8322
9.99 -27.7213
