0 0.0837951 0
0.0258233 0.105866 1.69776
0.0524616 0.173401 3.35252
0.0874106 0.325441 5.29885
0.121322 0.53267 6.86317
0.153766 0.774733 7.99505
0.186291 1.04778 8.72428
0.219304 1.34192 9.01869
0.252954 1.64381 8.84443
0.287333 1.93783 8.18081
0.322522 2.20674 7.02631
0.358626 2.43232 5.4019
0.395792 2.59603 3.35277
0.434256 2.67946 0.948411
0.474431 2.66423 -1.71941
0.513128 2.54782 -4.28286
0.551177 2.33916 -6.64772
0.591468 2.02597 -8.83173
0.633431 1.61609 -10.6074
0.672188 1.18217 -11.6879
0.711088 0.716214 -12.1636
0.746509 0.285981 -12.04
0.774895 -0.0497598 -11.5597
0.800128 -0.33314 -10.8599
0.825437 -0.596558 -9.91749
0.85331 -0.855598 -8.6289
0.883506 -1.09186 -6.98016
0.915713 -1.28524 -4.99612
0.949878 -1.41748 -2.72443
0.986225 -1.47127 -0.232201
1.02087 -1.43861 2.10097
1.0557 -1.32663 4.29397
1.09252 -1.12999 6.33131
1.13177 -0.845766 8.06845
1.16639 -0.546391 9.1478
1.20116 -0.216343 9.7516
1.22861 0.0536861 9.86977
1.25339 0.296637 9.70166
1.27818 0.532457 9.27698
1.30538 0.775228 8.5293
1.33465 1.0094 7.42039
1.36564 1.21721 5.94494
1.39818 1.38167 4.12312
1.43225 1.48648 1.99873
1.46804 1.51597 -0.363617
1.50599 1.45417 -2.88422
1.54139 1.31189 -5.12499
1.57984 1.07192 -7.30355
1.62037 0.736293 -9.17569
1.65507 0.396398 -10.3406
1.68587 0.0669861 -10.9864
1.71211 -0.225086 -11.2283
1.7387 -0.52366 -11.176
1.76617 -0.826311 -10.8085
1.79595 -1.13798 -10.0622
1.82756 -1.43865 -8.90232
1.86075 -1.70891 -7.32474
1.89546 -1.92976 -5.35355
1.93176 -2.08271 -3.03906
1.96994 -2.14967 -0.455054
2.00589 -2.12191 1.99059
2.04204 -2.00702 4.3349
2.07925 -1.80449 6.50118
2.11885 -1.50781 8.40382
2.16024 -1.12828 9.82636
2.19914 -0.729947 10.5523
2.23441 -0.354302 10.6623
2.26316 -0.051173 10.3614
2.28784 0.198492 9.83124
2.31276 0.434268 9.05475
2.33888 0.657547 8.00162
2.36739 0.866343 6.60641
2.39786 1.04191 4.88148
2.43012 1.16722 2.86187
2.46419 1.22647 0.60288
2.5004 1.20425 -1.82472
2.53632 1.09665 -4.13953
2.57332 0.902626 -6.30052
2.61276 0.614768 -8.22432
2.64679 0.312304 -9.48085
2.67681 0.0156149 -10.2287
2.702 -0.246975 -10.5743
2.72763 -0.519557 -10.6519
2.7552 -0.810886 -10.4243
2.78497 -1.1132 -9.82428
2.81647 -1.40769 -8.81178
2.84947 -1.67575 -7.37704
2.88388 -1.89887 -5.53804
2.91977 -2.05886 -3.33895
2.95734 -2.13792 -0.848027
2.99711 -2.11799 1.84711
3.03441 -2.0031 4.28552
3.07175 -1.80081 6.50208
3.11146 -1.50189 8.47818
3.15295 -1.11657 9.9945
3.19238 -0.704019 10.8246
3.22793 -0.314139 11.0186
3.25647 -0.00225061 10.7861
3.2805 0.251906 10.3272
3.30486 0.495481 9.62754
3.33165 0.740227 8.60575
3.36077 0.971424 7.22756
3.39183 1.16971 5.50211
3.42466 1.31738 3.46256
3.45932 1.39783 1.16383
3.49612 1.39486 -1.32191
3.53361 1.29898 -3.76749
3.57004 1.12148 -5.9324
3.60904 0.850486 -7.89017
3.64506 0.540115 -9.26797
3.67719 0.228045 -10.0889
3.70548 -0.0634097 -10.4646
3.73106 -0.332345 -10.5138
3.75666 -0.599187 -10.2851
3.78466 -0.880016 -9.72408
3.81471 -1.15889 -8.78003
3.84644 -1.41708 -7.43543
3.8797 -1.63635 -5.70071
3.91446 -1.7989 -3.61229
3.95087 -1.88748 -1.23053
3.9893 -1.88494 1.3644
4.02753 -1.78426 3.88078
4.06436 -1.59951 6.10898
4.10369 -1.31788 8.1401
4.14488 -0.947449 9.74994
4.17982 -0.590134 10.6215
4.21489 -0.209606 10.9942
4.24246 0.093271 10.9213
4.27023 0.391784 10.524
4.29589 0.654093 9.87817
4.32419 0.920122 8.87603
4.35454 1.16939 7.49806
4.38667 1.38292 5.75306
4.42046 1.54282 3.67523
4.45602 1.63201 1.32189
4.49371 1.6337 -1.23102
4.53179 1.53876 -3.72964
4.56821 1.36238 -5.91262
4.60722 1.09165 -7.896
4.64814 0.734612 -9.45656
4.68157 0.403721 -10.2653
4.71162 0.0893103 -10.6017
4.73751 -0.185588 -10.5849
4.76365 -0.45896 -10.2803
4.79015 -0.724115 -9.68503
4.81904 -0.990769 -8.72719
4.84982 -1.23954 -7.3868
4.88225 -1.45204 -5.67203
4.91626 -1.61064 -3.61668
4.95196 -1.6984 -1.27795
4.98969 -1.69862 1.26767
5.02787 -1.60186 3.77778
5.06449 -1.42221 5.99025
5.10367 -1.14658 8.0111
5.14472 -0.782741 9.61576
5.17865 -0.440799 10.4699
5.20915 -0.114839 10.8378
5.23556 0.172069 10.8385
5.2622 0.457536 10.5401
5.2887 0.729688 9.95326
5.31764 1.00464 9.00157
5.34849 1.26258 7.66338
5.38103 1.48472 5.94576
5.41517 1.6531 3.88185
5.45101 1.75046 1.52857
5.4889 1.7598 -1.03737
5.52766 1.66956 -3.59647
5.56395 1.4983 -5.80035
5.60288 1.23173 -7.82507
5.64375 0.876873 -9.44453
5.67827 0.534184 -10.3309
5.71293 0.16773 -10.7319
5.73992 -0.122151 -10.6921
5.76715 -0.409215 -10.34
5.79304 -0.669533 -9.72412
5.82148 -0.932882 -8.75202
5.8519 -1.1794 -7.40331
5.88404 -1.39046 -5.68585
5.91781 -1.5484 -3.63296
5.9533 -1.63631 -1.30114
5.99084 -1.63758 1.23416
6.02898 -1.54226 3.73988
6.0655 -1.36472 5.94088
6.10459 -1.09184 7.94956
6.14558 -0.731383 9.54158
6.17911 -0.396168 10.3794
6.20918 -0.0776819 10.7409
6.23499 0.200276 10.7464
6.26108 0.477607 10.4651
6.28781 0.750228 9.88584
6.31691 1.02486 8.93957
6.34788 1.28194 7.60514
6.38051 1.50284 5.88995
6.41472 1.66969 3.82742
6.45061 1.76526 1.47481
6.48854 1.77258 -1.09087
6.52721 1.68059 -3.64323
6.56361 1.50703 -5.85347
6.60262 1.23776 -7.88269
6.64355 0.879957 -9.50498
6.6781 0.534782 -10.3924
6.71281 0.165736 -10.7936
6.7398 -0.125795 -10.7532
6.76704 -0.414562 -10.4006
6.793 -0.677106 -9.78218
6.82149 -0.942651 -8.80613
6.85198 -1.19125 -7.45211
6.88418 -1.40421 -5.72814
6.91802 -1.56377 -3.66774
6.95358 -1.65296 -1.32774
6.99121 -1.65507 1.21607
7.02941 -1.56022 3.72619
7.06589 -1.38341 5.92436
7.10496 -1.11143 7.92988
7.14592 -0.752046 9.51847
7.17957 -0.416402 10.3559
7.20981 -0.0969194 10.7143
7.23589 0.18319 10.7128
7.26223 0.462087 10.4191
7.28877 0.731549 9.83396
7.31772 1.00322 8.88452
7.34857 1.25752 7.54967
7.38108 1.47587 5.83679
7.41518 1.64044 3.77918
7.45097 1.73413 1.43377
7.48879 1.74004 -1.12284
7.52735 1.64728 -3.66525
7.56378 1.47275 -5.87496
7.60281 1.20251 -7.9018
7.64376 0.843836 -9.52014
7.67809 0.500581 -10.3989
7.70909 0.171267 -10.7804
7.73624 -0.12213 -10.7807
7.76356 -0.413069 -10.4661
7.78952 -0.677812 -9.88267
7.81803 -0.946838 -8.94164
7.84853 -1.20017 -7.62015
7.88074 -1.41904 -5.92404
7.91457 -1.58559 -3.88501
7.9501 -1.6827 -1.55838
7.98766 -1.69359 0.980825
8.02647 -1.60532 3.54459
8.0627 -1.43626 5.74921
8.10158 -1.17187 7.78143
8.14241 -0.818869 9.41435
8.17663 -0.480141 10.31
8.20747 -0.154884 10.7104
8.23441 0.134606 10.7313
8.26154 0.422471 10.4416
8.28763 0.688132 9.87673
8.31623 0.958103 8.95335
8.34679 1.21258 7.64785
8.37905 1.43289 5.96535
8.4129 1.60116 3.93693
8.44844 1.70028 1.61741
8.48598 1.71346 -0.918384
8.52499 1.62687 -3.49908
8.56117 1.45957 -5.7097
8.60003 1.19666 -7.75518
8.64084 0.844495 -9.40763
8.67528 0.503307 -10.3276
8.70636 0.17478 -10.7457
8.73359 -0.118944 -10.7769
8.76099 -0.411033 -10.4913
8.78695 -0.676708 -9.93474
8.81545 -0.947583 -9.02109
8.84594 -1.2037 -7.72558
8.87814 -1.42628 -6.05244
8.91195 -1.59739 -4.03191
8.94744 -1.69985 -1.71813
8.98492 -1.71686 0.81461
9.02417 -1.63342 3.41567
9.06021 -1.46982 5.62477
9.09897 -1.21076 7.67679
9.13971 -0.862184 9.34281
9.1743 -0.521428 10.2822
9.20554 -0.192363 10.7153
9.23299 0.103074 10.7561
9.2606 0.396868 10.475
9.28638 0.660444 9.92814
9.31474 0.929996 9.02661
9.34512 1.18551 7.74472
9.37721 1.4082 6.08578
9.41092 1.58015 4.07913
9.4463 1.6842 1.77802
9.48365 1.7036 -0.744056
9.52306 1.62235 -3.35829
9.55902 1.46119 -5.56863
9.59772 1.20453 -7.62905
9.63841 0.857965 -9.30968
9.67303 0.517808 -10.2661
9.70428 0.188973 -10.7148
9.73171 -0.106434 -10.7697
9.7593 -0.400661 -10.503
9.78514 -0.665706 -9.96749
9.81355 -0.936995 -9.07669
9.84397 -1.19453 -7.80417
9.8761 -1.41951 -6.15264
9.90984 -1.59396 -4.15093
9.94524 -1.70066 -1.85197
9.98261 -1.72283 0.6709
10.0222 -1.64375 3.30202
10.0581 -1.485 5.51323
10.0967 -1.23075 7.58096
10.1374 -0.886271 9.27443
10.1722 -0.54489 10.2499
10.2037 -0.213889 10.7118
10.2314 0.0848871 10.773
10.2593 0.382299 10.5055
10.2849 0.645049 9.97647
10.3131 0.915016 9.09506
10.3434 1.17205 7.83388
10.3754 1.39729 6.1947
10.409 1.57275 4.20549
10.4443 1.68124 1.91823
10.4816 1.706 -0.59452
10.5173 1.64187 -2.97808
10.5531 1.49456 -5.21516
10.5914 1.25331 -7.31522
10.6318 0.920464 -9.07028
10.6671 0.580575 -10.1294
10.699 0.248113 -10.6614
10.7272 -0.0550437 -10.7769
10.7524 -0.325444 -10.5936
10.7778 -0.588399 -10.1427
10.8055 -0.859617 -9.35469
10.8354 -1.12254 -8.18951
10.867 -1.35807 -6.64217
10.9003 -1.54804 -4.73441
10.9352 -1.67505 -2.51266
10.972 -1.72226 -0.0450835
11.0066 -1.6834 2.2826
11.0414 -1.56466 4.51506
11.0789 -1.35392 6.67692
11.1187 -1.04885 8.56734
11.1553 -0.710054 9.83849
11.1885 -0.371308 10.542
11.2181 -0.0541324 10.7865
11.2434 0.218446 10.6998
11.269 0.488428 10.3374
11.2958 0.757103 9.67283
11.325 1.02463 8.64071
11.356 1.27147 7.22584
11.3887 1.47914 5.44076
11.4229 1.62998 3.32341
11.459 1.70703 0.934692
11.4972 1.69337 -1.64639
11.5344 1.58654 -4.07046
11.5713 1.39478 -6.25955
11.6108 1.10797 -8.2207
11.652 0.735706 -9.7339
11.6853 0.397406 -10.4854
11.7153 0.0781267 -10.7701
11.741 -0.198912 -10.7107
11.767 -0.473553 -10.3668
11.7937 -0.741864 -9.72811
11.8227 -1.01033 -8.72367
11.8536 -1.25938 -7.33619
11.8862 -1.47047 -5.57638
11.9204 -1.62589 -3.48051
11.9563 -1.70865 -1.108
11.9943 -1.70187 1.46305
12.032 -1.59986 3.92805
12.0688 -1.41417 6.12461
12.1081 -1.13322 8.10855
12.1492 -0.765772 9.658
12.1828 -0.426309 10.4517
12.2131 -0.104219 10.7691
12.2392 0.177692 10.7307
12.2657 0.457248 10.3987
12.2921 0.724918 9.77942
12.321 0.993961 8.79643
12.3518 1.24471 7.43069
12.3843 1.45857 5.69138
12.4184 1.61779 3.61331
12.4542 1.70532 1.25466
12.4921 1.70431 -1.30737
12.5301 1.60657 -3.80553
12.5668 1.42618 -6.0062
12.6059 1.15042 -8.00711
12.647 0.787419 -9.58479
12.6808 0.447656 -10.4124
12.7113 0.123934 -10.7566
12.7378 -0.1612 -10.7363
12.7645 -0.444103 -10.4159
12.7908 -0.711001 -9.81343
12.8196 -0.98027 -8.8491
12.8503 -1.23218 -7.50238
12.8827 -1.44811 -5.78113
12.9167 -1.61027 -3.71895
12.9524 -1.70158 -1.37293
12.9902 -1.70523 1.18052
13.0285 -1.61106 3.7055
13.065 -1.43495 5.90957
13.1041 -1.1634 7.92483
13.145 -0.803968 9.52645
13.179 -0.463929 10.383
13.2097 -0.138867 10.7505
13.2364 0.148807 10.7465
13.2633 0.434438 10.4374
13.2895 0.701024 9.84966
13.3182 0.970826 8.90143
13.3489 1.22406 7.57086
13.3812 1.44206 5.86469
13.4152 1.607 3.81548
13.4508 1.70177 1.47942
13.4885 1.70956 -1.06772
13.5271 1.61862 -3.61659
13.5635 1.44634 -5.823
13.6025 1.17857 -7.85032
13.6434 0.82238 -9.47247
13.6776 0.481963 -10.3548
13.7084 0.155506 -10.7426
13.7354 -0.134754 -10.7523
13.7625 -0.423069 -10.4515
13.7886 -0.688859 -9.87617
13.8172 -0.958695 -8.94207
13.8477 -1.21273 -7.62614
13.88 -1.43226 -5.93409
13.9139 -1.59941 -3.8975
13.9495 -1.69708 -1.57169
13.987 -1.70848 0.96824
14.0259 -1.62046 3.53741
14.0621 -1.45159 5.74536
14.101 -1.18722 7.78296
14.1419 -0.833968 9.42304
14.1762 -0.493583 10.3278
14.2072 -0.166341 10.7339
14.2343 0.125585 10.757
14.2616 0.415767 10.4659
14.2876 0.681247 9.90252
14.3161 0.951444 8.98144
14.3466 1.20647 7.67863
14.3788 1.42757 5.99887
14.4127 1.59688 3.97293
14.4482 1.69724 1.65538
14.4857 1.71187 -0.879197
14.5248 1.62648 -3.46699
14.5609 1.46064 -5.67628
14.5997 1.19928 -7.7232
14.6405 0.84862 -9.3795
14.675 0.507954 -10.3052
14.7061 0.179622 -10.728
14.7334 -0.114303 -10.7625
14.7609 -0.406602 -10.4787
14.7868 -0.671435 -9.92552
14.8152 -0.941687 -9.01612
14.8457 -1.1974 -7.72542
14.8778 -1.4198 -6.05734
14.9116 -1.59098 -4.04184
14.9471 -1.69376 -1.73277
14.9845 -1.71138 0.795865
15.0238 -1.62852 3.40043
15.0598 -1.46555 5.61037
15.0985 -1.20708 7.6654
15.1393 -0.858944 9.33632
15.1739 -0.51834 10.281
15.2051 -0.189368 10.7192
15.2325 0.105946 10.7649
15.2601 0.399807 10.4893
15.2859 0.664226 9.9462
15.3143 0.934659 9.04791
15.3447 1.19111 7.76854
15.3768 1.41477 6.11122
15.4106 1.5877 4.10519
15.446 1.69273 1.80363
15.4833 1.71308 -0.719923
15.5228 1.63253 -3.34003
15.5587 1.47215 -5.5506
15.5974 1.21629 -7.61324
15.6381 0.870417 -9.29779
15.6728 0.529689 -10.2605
15.7042 0.199919 -10.7132
15.7317 -0.0969256 -10.7692
15.7594 -0.392459 -10.5006
15.7852 -0.65637 -9.9666
15.8135 -0.926903 -9.0786
15.8439 -1.184 -7.80987
15.8759 -1.40882 -6.16276
15.9096 -1.58342 -4.16582
15.945 -1.69058 -1.87159
15.9823 -1.71353 0.64689
16.0219 -1.63524 3.28164
16.0578 -1.47738 5.49238
16.0964 -1.22407 7.5619
16.137 -0.880437 9.25913
16.1718 -0.539732 10.2388
16.2033 -0.209347 10.7052
16.231 0.0887864 10.7712
16.2588 0.385763 10.5097
16.2845 0.649177 9.98453
16.3127 0.919781 9.10649
16.343 1.17746 7.84802
16.3751 1.40336 6.21078
16.4087 1.5795 4.22262
16.444 1.68866 1.93549
16.4813 1.71406 -0.578031
16.517 1.6506 -2.96032
16.5528 1.50398 -5.19853
16.5911 1.26343 -7.30125
16.6315 0.931153 -9.06089
16.6668 0.590687 -10.1271
16.6988 0.25733 -10.6641
16.7271 -0.0471015 -10.7821
16.7522 -0.316171 -10.6018
16.7774 -0.578419 -10.1557
16.8051 -0.849177 -9.37458
16.8349 -1.11217 -8.21722
16.8665 -1.34823 -6.67801
16.8997 -1.5392 -4.77809
16.9345 -1.66764 -2.56332
16.9712 -1.71675 -0.101353
17.006 -1.67934 2.24185
17.041 -1.56127 4.48645
17.0785 -1.35178 6.64968
17.1182 -1.04792 8.54399
17.1549 -0.709602 9.82186
17.188 -0.371227 10.531
17.2177 -0.0542409 10.7806
17.243 0.218296 10.6983
17.2687 0.488346 10.34
17.2954 0.75716 9.67956
17.3246 1.02495 8.65155
17.3556 1.27218 7.24052
17.3883 1.48038 5.45878
17.4226 1.63187 3.34407
17.4586 1.70969 0.95713
17.4968 1.69691 -1.62312
17.534 1.59066 -4.05287
17.571 1.39963 -6.24339
17.6104 1.11351 -8.20803
17.6516 0.741759 -9.7265
17.685 0.403048 -10.4842
17.715 0.0831067 -10.7732
17.7408 -0.194941 -10.7163
17.7669 -0.470553 -10.3731
17.7935 -0.738735 -9.73659
17.8225 -1.00726 -8.73471
17.8534 -1.25653 -7.34991
17.886 -1.468 -5.59269
17.9201 -1.62395 -3.49911
17.956 -1.70737 -1.12845
17.9941 -1.7014 1.44136
18.0318 -1.59998 3.91081
18.0685 -1.41505 6.10772
18.1078 -1.13485 8.09369
18.1489 -0.76807 9.64665
18.1826 -0.428675 10.4446
18.2129 -0.106479 10.7654
18.2391 0.175745 10.7293
18.2655 0.455634 10.399
18.2919 0.723166 9.78195
18.3208 0.992191 8.80147
18.3516 1.24304 7.43829
18.3841 1.45711 5.70143
18.4182 1.61666 3.62554
18.454 1.70462 1.26867
18.4918 1.70418 -1.2921
18.5299 1.60686 -3.79354
18.5665 1.42698 -5.99479
18.6057 1.15171 -7.99765
18.6467 0.789107 -9.57849
18.6806 0.449292 -10.4098
18.7111 0.125397 -10.757
18.7376 -0.160039 -10.739
18.7643 -0.443278 -10.4202
18.7906 -0.71023 -9.81966
18.8194 -0.979652 -8.85736
18.8501 -1.23181 -7.51262
18.8825 -1.44807 -5.79313
18.9165 -1.61064 -3.73239
18.9522 -1.70244 -1.38737
18.99 -1.70664 1.16559
19.0284 -1.61289 3.69382
19.0648 -1.43729 5.89819
19.1039 -1.16624 7.915
19.1448 -0.807238 9.51925
19.1789 -0.467102 10.3792
19.2096 -0.141793 10.7492
19.2363 0.146319 10.7468
19.2632 0.43238 10.4383
19.2894 0.698763 9.85197
19.3181 0.968483 8.90548
19.3488 1.22175 7.57682
19.3811 1.43988 5.87256
19.415 1.60505 3.82516
19.4507 1.70015 1.49066
19.4883 1.70839 -1.05526
19.527 1.61782 -3.60656
19.5633 1.44597 -5.81315
19.6023 1.17864 -7.84174
19.6432 0.822822 -9.46614
19.6774 0.482479 -10.3511
19.7082 0.156011 -10.7413
19.7352 -0.134335 -10.7529
19.7623 -0.422783 -10.4537
19.7884 -0.688629 -9.88005
19.817 -0.958586 -8.94764
19.8476 -1.21281 -7.63332
19.8799 -1.43258 -5.9427
19.9137 -1.60004 -3.90726
19.9493 -1.69806 -1.58225
19.9869 -1.70986 0.957288
20.0258 -1.62216 3.52889
20.062 -1.45365 5.73708
20.1009 -1.18964 7.77592
20.1417 -0.83669 9.41807
20.1761 -0.496195 10.3256
20.2071 -0.168726 10.7338
20.2342 0.123565 10.758
20.2615 0.414111 10.4675
20.2875 0.679443 9.90526
20.316 0.949595 8.98557
20.3465 1.20466 7.68427
20.3787 1.42591 6.00603
20.4125 1.59543 3.9815
20.4481 1.69609 1.66517
20.4856 1.71109 -0.868486
20.5247 1.62603 -3.45833
20.5608 1.46057 -5.66765
20.5996 1.19959 -7.71554
20.6404 0.849268 -9.37363
20.6748 0.508669 -10.3016
20.706 0.180325 -10.7263
20.7333 -0.113689 -10.7623
20.7607 -0.40611 -10.4798
20.7866 -0.670935 -9.92797
20.8151 -0.941239 -9.01999
20.8455 -1.19707 -7.7307
20.8777 -1.41963 -6.06392
20.9115 -1.59104 -4.04952
20.9469 -1.6941 -1.74129
20.9843 -1.71204 0.786832
21.0237 -1.62945 3.39332
21.0597 -1.46678 5.60341
21.0984 -1.20861 7.65944
21.1391 -0.860734 9.33207
21.1737 -0.520071 10.279
21.205 -0.190954 10.719
21.2324 0.104603 10.7659
21.26 0.398719 10.491
21.2858 0.663059 9.94898
21.3142 0.933495 9.05191
21.3446 1.19002 7.77383
21.3767 1.41382 6.11777
21.4105 1.58696 4.11287
21.4459 1.69226 1.81224
21.4832 1.71294 -0.71066
21.5227 1.63267 -3.33259
21.5586 1.47262 -5.54315
21.5973 1.21708 -7.60662
21.638 0.871506 -9.29271
21.6727 0.530803 -10.2575
21.704 0.200978 -10.7118
21.7316 -0.0960013 -10.7691
21.7594 -0.39169 -10.5014
21.7851 -0.655542 -9.96852
21.8134 -0.926081 -9.08177
21.8438 -1.18324 -7.81431
21.8758 -1.40819 -6.16843
21.9095 -1.58297 -4.17257
21.9449 -1.69037 -1.87922
21.9822 -1.71361 0.638645
22.0218 -1.63558 3.27506
22.0576 -1.47801 5.48585
22.0963 -1.22497 7.55619
22.1369 -0.881591 9.25492
22.1717 -0.540877 10.2366
22.2032 -0.210412 10.7046
22.2309 0.0878773 10.7718
22.2587 0.385029 10.5112
22.2844 0.648401 9.987
22.3126 0.919029 9.11011
22.3429 1.1768 7.85282
22.375 1.40283 6.2167
22.4086 1.57917 4.22953
22.4439 1.68856 1.94319
22.4811 1.71426 -0.569811
22.5168 1.65114 -2.95123
22.5526 1.50489 -5.18963
22.5909 1.26472 -7.29326
22.6313 0.932799 -9.0547
22.6667 0.592344 -10.1236
22.6986 0.258899 -10.6626
22.727 -0.0457224 -10.7822
22.7521 -0.314559 -10.6034
22.7773 -0.576707 -10.1591
22.8049 -0.847433 -9.38009
22.8347 -1.11051 -8.22503
22.8663 -1.34678 -6.68807
22.8995 -1.53806 -4.79022
22.9343 -1.66692 -2.57719
22.971 -1.71654 -0.116516
23.0059 -1.67952 2.23092
23.0409 -1.56163 4.47896
23.0783 -1.35245 6.64274
23.1181 -1.0489 8.53833
23.1548 -0.710586 9.81852
23.1879 -0.372187 10.5294
23.2176 -0.0551087 10.7804
23.243 0.217603 10.699
23.2686 0.487833 10.3413
23.2954 0.756643 9.68172
23.3245 1.02448 8.65464
23.3555 1.27179 7.24452
23.3882 1.48011 5.46362
23.4225 1.63177 3.34961
23.4585 1.70978 0.963192
23.4967 1.69725 -1.61675
23.534 1.59117 -4.04792
23.5709 1.40035 -6.2387
23.6103 1.11443 -8.20411
23.6515 0.742848 -9.72381
23.6849 0.404098 -10.4829
23.7149 0.0840579 -10.7731
23.7408 -0.194164 -10.7168
23.7669 -0.469948 -10.374
23.7935 -0.738097 -9.73809
23.8224 -1.00663 -8.73692
23.8533 -1.25595 -7.35286
23.8859 -1.4675 -5.59634
23.9201 -1.62357 -3.50339
23.956 -1.70714 -1.13322
23.994 -1.70136 1.43625
24.0317 -1.60008 3.90679
24.0685 -1.41532 6.10384
24.1077 -1.13529 8.09039
24.1488 -0.768659 9.64429
24.1825 -0.42926 10.4433
24.2128 -0.107019 10.765
24.239 0.175298 10.7296
24.2654 0.455286 10.3997
24.2919 0.722807 9.78324
24.3208 0.991853 8.80338
24.3516 1.24275 7.44082
24.384 1.4569 5.70454
24.4181 1.61655 3.62915
24.4539 1.70465 1.27265
24.4918 1.70436 -1.28788
24.5299 1.60716 -3.79023
24.5665 1.42741 -5.99161
24.6056 1.15228 -7.99496
24.6466 0.7898 -9.5766
24.6805 0.449964 -10.4089
24.711 0.126011 -10.7569
24.7375 -0.159528 -10.7393
24.7643 -0.442874 -10.4209
24.7906 -0.709804 -9.82078
24.8193 -0.979234 -8.859
24.85 -1.23143 -7.51479
24.8824 -1.44775 -5.79581
24.9164 -1.61041 -3.73551
24.9521 -1.70231 -1.39084
24.9899 -1.70666 1.16187
25.0283 -1.61301 3.69087
25.0648 -1.43754 5.89532
25.1038 -1.16662 7.91252
25.1448 -0.80772 9.51743
25.1788 -0.467581 10.3782
25.2095 -0.142238 10.7489
25.2363 0.145943 10.7469
25.2632 0.432078 10.4387
25.2894 0.698445 9.85286
25.3181 0.968173 8.90684
25.3487 1.22147 7.57865
25.381 1.43966 5.87485
25.415 1.6049 3.82784
25.4506 1.7001 1.49365
25.4883 1.70845 -1.05207
25.5269 1.61797 -3.60403
25.5633 1.44624 -5.81068
25.6022 1.17901 -7.83962
25.6431 0.823285 -9.46461
25.6773 0.482935 -10.3504
25.7082 0.156432 -10.7411
25.7352 -0.133982 -10.7531
25.7623 -0.422501 -10.4542
25.7884 -0.688332 -9.88093
25.817 -0.958297 -8.94893
25.8476 -1.21255 -7.63503
25.8798 -1.43237 -5.94481
25.9137 -1.5999 -3.90972
25.9492 -1.69801 -1.58499
25.9868 -1.70991 0.954361
26.0257 -1.6223 3.52657
26.0619 -1.45389 5.7348
26.1008 -1.18998 7.77393
26.1417 -0.837117 9.41661
26.176 -0.496617 10.3248
26.207 -0.169119 10.7335
26.2342 0.12323 10.7582
26.2615 0.413839 10.4679
26.2875 0.679152 9.90597
26.316 0.949308 8.98666
26.3465 1.2044 7.68575
26.3787 1.42568 6.00789
26.4125 1.59527 3.98369
26.448 1.696 1.66763
26.4855 1.7111 -0.865839
26.5246 1.62612 -3.45623
26.5607 1.46075 -5.66558
26.5995 1.19986 -7.71373
26.6403 0.849618 -9.37229
26.6748 0.509018 -10.3009
26.7059 0.18065 -10.7261
26.7332 -0.113413 -10.7624
26.7607 -0.405886 -10.4802
26.7866 -0.670699 -9.92868
26.8151 -0.94101 -9.02105
26.8455 -1.19686 -7.73212
26.8777 -1.41947 -6.06568
26.9114 -1.59093 -4.05158
26.9469 -1.69407 -1.74358
26.9843 -1.7121 0.784376
27.0236 -1.62958 3.39137
27.0596 -1.467 5.60148
27.0984 -1.20891 7.65775
27.1391 -0.861106 9.33082
27.1737 -0.52044 10.2784
27.2049 -0.191297 10.7188
27.2324 0.104309 10.7661
27.26 0.398479 10.4914
27.2858 0.662801 9.9496
27.3142 0.933239 9.05286
27.3446 1.18978 7.77512
27.3767 1.41362 6.11939
27.4104 1.58682 4.11478
27.4458 1.69218 1.81439
27.4832 1.71294 -0.70834
27.5227 1.63274 -3.33073
27.5586 1.47278 -5.5413
27.5973 1.21732 -7.60499
27.6379 0.87181 -9.29149
27.6727 0.531108 -10.2568
27.704 0.201265 -10.7116
27.7316 -0.095755 -10.7692
27.7593 -0.391489 -10.5018
27.7851 -0.655327 -9.96912
27.8134 -0.92587 -9.08268
27.8437 -1.18305 -7.81554
27.8758 -1.40804 -6.16997
27.9095 -1.58287 -4.17439
27.9448 -1.69033 -1.88126
27.9821 -1.71365 0.636459
28.0218 -1.63568 3.27332
28.0576 -1.47819 5.48411
28.0962 -1.22523 7.55466
28.1369 -0.881914 9.25377
28.1717 -0.541199 10.2359
28.2031 -0.210713 10.7044
28.2308 0.0876185 10.7719
28.2587 0.384817 10.5115
28.2843 0.648173 9.98757
28.3126 0.918802 9.11098
28.3429 1.17659 7.854
28.3749 1.40266 6.21818
28.4086 1.57904 4.23128
28.4439 1.6885 1.94516
28.4811 1.71426 -0.567687
28.5168 1.65124 -2.94888
28.5526 1.50508 -5.18733
28.5909 1.26502 -7.2912
28.6313 0.93318 -9.05311
28.6666 0.592731 -10.1226
28.6986 0.259266 -10.6623
28.7269 -0.0454008 -10.7822
28.752 -0.314185 -10.6038
28.7772 -0.576312 -10.16
28.8049 -0.847035 -9.38152
28.8346 -1.11014 -8.22703
28.8662 -1.34646 -6.69063
28.8994 -1.53782 -4.79329
28.9343 -1.66678 -2.58069
28.9709 -1.71654 -0.12032
29.0058 -1.67961 2.22818
29.0408 -1.56177 4.47709
29.0783 -1.35267 6.64101
29.1181 -1.0492 8.53692
29.1548 -0.710879 9.81769
29.1879 -0.37247 10.529
29.2176 -0.0553645 10.7804
29.2429 0.217398 10.6991
29.2686 0.487679 10.3416
29.2954 0.756483 9.68222
29.3245 1.02432 8.65536
29.3555 1.27165 7.24546
29.3882 1.48 5.46477
29.4224 1.6317 3.35094
29.4585 1.70976 0.964659
29.4966 1.69729 -1.61519
29.5339 1.59124 -4.04671
29.5709 1.40048 -6.23755
29.6103 1.11461 -8.20314
29.6515 0.743072 -9.72313
29.6849 0.404315 -10.4826
29.7149 0.0842557 -10.773
29.7407 -0.194002 -10.7169
29.7668 -0.469823 -10.3742
29.7934 -0.737967 -9.73847
29.8224 -1.00651 -8.73748
29.8533 -1.25583 -7.3536
29.8859 -1.46741 -5.59725
29.9201 -1.62351 -3.50445
29.956 -1.70712 -1.13439
29.994 -1.70138 1.435
30.0317 -1.60014 3.90581
30.0684 -1.41542 6.1029
30.1077 -1.13543 8.08959
30.1488 -0.768834 9.64373
30.1825 -0.429431 10.443
30.2128 -0.107176 10.7649
30.239 0.175168 10.7297
30.2654 0.455185 10.3999
30.2919 0.722702 9.78356
30.3208 0.991751 8.80385
30.3515 1.24266 7.44145
30.384 1.45683 5.7053
30.4181 1.6165 3.63004
30.4539 1.70463 1.27364
30.4918 1.70438 -1.28683
30.5299 1.60721 -3.7894
30.5664 1.4275 -5.99081
30.6056 1.15241 -7.99428
30.6466 0.789953 -9.57611
30.6805 0.450114 -10.4086
30.711 0.126148 -10.7568
30.7375 -0.159413 -10.7394
30.7642 -0.442783 -10.421
30.7906 -0.709708 -9.82104
30.8193 -0.979141 -8.85939
30.85 -1.23134 -7.51531
30.8824 -1.44768 -5.79646
30.9164 -1.61036 -3.73627
30.9521 -1.70229 -1.39169
30.9899 -1.70667 1.16096
31.0283 -1.61305 3.69016
31.0647 -1.43761 5.89462
31.1038 -1.16672 7.91192
31.1447 -0.807845 9.517
31.1788 -0.467704 10.3779
31.2095 -0.142352 10.7488
31.2363 0.145848 10.747
31.2632 0.432002 10.4389
31.2894 0.698365 9.85309
31.3181 0.968096 8.90718
31.3487 1.2214 7.57911
31.381 1.4396 5.87542
31.415 1.60486 3.8285
31.4506 1.70009 1.49439
31.4883 1.70847 -1.05127
31.5269 1.61801 -3.6034
31.5633 1.4463 -5.81007
31.6022 1.1791 -7.83909
31.6431 0.8234 -9.46423
31.6773 0.483048 -10.3502
31.7082 0.156537 -10.7411
31.7351 -0.133893 -10.7531
31.7623 -0.42243 -10.4543
31.7884 -0.688256 -9.88113
31.817 -0.958223 -8.94923
31.8475 -1.21248 -7.63545
31.8798 -1.43231 -5.94532
31.9137 -1.59986 -3.91032
31.9492 -1.69799 -1.58566
31.9868 -1.70992 0.953646
32.0257 -1.62233 3.526
32.0619 -1.45395 5.73424
32.1008 -1.19006 7.77345
32.1416 -0.837216 9.41625
32.176 -0.496716 10.3246
32.207 -0.169211 10.7335
32.2342 0.123152 10.7582
32.2615 0.413776 10.468
32.2875 0.679085 9.90615
32.316 0.949242 8.98694
32.3465 1.20434 7.68612
32.3787 1.42563 6.00835
32.4125 1.59523 3.98424
32.448 1.69599 1.66824
32.4855 1.71111 -0.865188
32.5246 1.62615 -3.45571
32.5607 1.4608 -5.66506
32.5995 1.19993 -7.71328
32.6403 0.849711 -9.37197
32.6748 0.509109 -10.3007
32.7059 0.180735 -10.726
32.7332 -0.11334 -10.7625
32.7607 -0.405827 -10.4802
32.7866 -0.670636 -9.92885
32.8151 -0.940948 -9.02131
32.8455 -1.1968 -7.73246
32.8777 -1.41942 -6.0661
32.9114 -1.5909 -4.05208
32.9469 -1.69405 -1.74415
32.9843 -1.7121 0.78377
33.0236 -1.6296 3.39089
33.0596 -1.46704 5.601
33.0984 -1.20898 7.65733
33.1391 -0.861191 9.33051
33.1737 -0.520525 10.2782
