0.0837951 0
-1.43861 2.10097
-2.12191 1.99059
-2.0031 4.28552
-1.78426 3.88078
-1.60186 3.77778
-1.54226 3.73988
-1.56022 3.72619
-1.60532 3.54459
-1.63342 3.41567
-1.64375 3.30202
-1.6834 2.2826
-1.59986 3.92805
-1.61106 3.7055
-1.62046 3.53741
-1.62852 3.40043
-1.63524 3.28164
-1.67934 2.24185
-1.59998 3.91081
-1.61289 3.69382
-1.62216 3.52889
-1.62945 3.39332
-1.63558 3.27506
-1.67952 2.23092
-1.60008 3.90679
-1.61301 3.69087
-1.6223 3.52657
-1.62958 3.39137
-1.63568 3.27332
-1.67961 2.22818
-1.60014 3.90581
-1.61305 3.69016
-1.62233 3.526
-1.6296 3.39089
