 -3.4937   0.2100
 -3.4684   0.2100
 -3.4432   0.2100
 -3.4179   0.2100
 -3.3926   0.2100
 -3.3673   0.2100
 -3.3421   0.2100
 -3.3168   0.2100
 -3.2915   0.2100
 -3.2662   0.2100
 -3.2410   0.2100
 -3.2157   0.2100
 -3.1904   0.2100
 -3.1651   0.2100
 -3.1398   0.2100
 -3.1146   0.2099
 -3.0893   0.2099
 -3.0640   0.2099
 -3.0387   0.2099
 -3.0134   0.2099
 -2.9881   0.2099
 -2.9628   0.2099
 -2.9376   0.2099
 -2.9123   0.2099
 -2.8870   0.2099
 -2.8617   0.2099
 -2.8364   0.2099
 -2.8111   0.2099
 -2.7858   0.2099
 -2.7605   0.2098
 -2.7352   0.2098
 -2.7099   0.2098
 -2.6846   0.2098
 -2.6593   0.2098
 -2.6340   0.2098
 -2.6087   0.2098
 -2.5834   0.2098
 -2.5581   0.2097
 -2.5328   0.2097
 -2.5075   0.2097
 -2.4821   0.2097
 -2.4568   0.2097
 -2.4315   0.2096
 -2.4062   0.2096
 -2.3809   0.2096
 -2.3556   0.2096
 -2.3302   0.2095
 -2.3049   0.2095
 -2.2796   0.2094
 -2.2542   0.2094
 -2.2289   0.2094
 -2.2036   0.2093
 -2.1782   0.2093
 -2.1529   0.2092
 -2.1276   0.2092
 -2.1022   0.2091
 -2.0769   0.2090
 -2.0515   0.2090
 -2.0262   0.2089
 -2.0008   0.2088
 -1.9755   0.2087
 -1.9501   0.2086
 -1.9248   0.2085
 -1.8994   0.2084
 -1.8740   0.2082
 -1.8487   0.2081
 -1.8233   0.2079
 -1.7979   0.2078
 -1.7726   0.2076
 -1.7472   0.2074
 -1.7218   0.2072
 -1.6964   0.2069
 -1.6710   0.2067
 -1.6457   0.2064
 -1.6203   0.2061
 -1.5949   0.2057
 -1.5695   0.2054
 -1.5441   0.2050
 -1.5187   0.2045
 -1.4933   0.2040
 -1.4679   0.2035
 -1.4425   0.2030
 -1.4171   0.2024
 -1.3917   0.2017
 -1.3664   0.2010
 -1.3410   0.2002
 -1.3156   0.1994
 -1.2902   0.1985
 -1.2648   0.1976
 -1.2394   0.1965
 -1.2141   0.1955
 -1.1887   0.1943
 -1.1633   0.1932
 -1.1380   0.1919
 -1.1126   0.1907
 -1.0872   0.1894
 -1.0618   0.1882
 -1.0364   0.1871
 -1.0109   0.1862
 -0.9853   0.1859
 -0.9587   0.1907
 -0.9825   0.1999
 -1.0065   0.2086
 -1.0305   0.2169
 -1.0546   0.2252
 -1.0786   0.2335
 -1.1026   0.2417
 -1.1266   0.2500
 -1.1506   0.2583
 -1.1746   0.2667
 -1.1985   0.2751
 -1.2225   0.2836
 -1.2464   0.2921
 -1.2703   0.3007
 -1.2941   0.3094
 -1.3180   0.3181
 -1.3418   0.3269
 -1.3656   0.3357
 -1.3894   0.3446
 -1.4132   0.3535
 -1.4370   0.3625
 -1.4607   0.3715
 -1.4844   0.3805
 -1.5081   0.3896
 -1.5318   0.3987
 -1.5555   0.4078
 -1.5792   0.4169
 -1.6029   0.4261
 -1.6265   0.4353
 -1.6502   0.4445
 -1.6738   0.4538
 -1.6974   0.4630
 -1.7210   0.4723
 -1.7446   0.4816
 -1.7682   0.4909
 -1.7918   0.5002
 -1.8154   0.5095
 -1.8390   0.5189
 -1.8626   0.5282
 -1.8861   0.5375
 -1.9097   0.5469
 -1.9333   0.5563
 -1.9568   0.5656
 -1.9804   0.5750
 -2.0039   0.5844
 -2.0274   0.5938
 -2.0510   0.6031
 -2.0745   0.6125
 -2.0980   0.6219
 -2.1216   0.6313
 -2.1451   0.6407
 -2.1686   0.6501
 -2.1921   0.6595
 -2.2156   0.6689
 -2.2391   0.6783
 -2.2626   0.6877
 -2.2861   0.6972
 -2.3096   0.7066
 -2.3331   0.7160
 -2.3566   0.7254
 -2.3801   0.7348
 -2.4036   0.7442
 -2.4271   0.7537
 -2.4506   0.7631
 -2.4741   0.7725
 -2.4976   0.7819
 -2.5211   0.7913
 -2.5445   0.8008
 -2.5680   0.8102
 -2.5915   0.8196
 -2.6150   0.8290
 -2.6384   0.8385
 -2.6619   0.8479
 -2.6854   0.8573
 -2.7089   0.8667
 -2.7323   0.8762
 -2.7558   0.8856
 -2.7793   0.8950
 -2.8027   0.9044
 -2.8262   0.9139
 -2.8496   0.9233
 -2.8731   0.9327
 -2.8966   0.9422
 -2.9200   0.9516
 -2.9435   0.9610
 -2.9669   0.9704
 -2.9904   0.9799
 -3.0139   0.9893
 -3.0373   0.9987
 -3.0608   1.0081
 -3.0842   1.0176
 -3.1077   1.0270
 -3.1311   1.0364
 -3.1546   1.0459
 -3.1780   1.0553
 -3.2015   1.0647
 -3.2249   1.0741
 -3.2484   1.0836
 -3.2718   1.0930
 -3.2953   1.1024

