 -3.4549   0.5600
 -3.4294   0.5600
 -3.4039   0.5600
 -3.3784   0.5600
 -3.3529   0.5600
 -3.3274   0.5600
 -3.3018   0.5600
 -3.2763   0.5599
 -3.2508   0.5599
 -3.2252   0.5599
 -3.1997   0.5599
 -3.1741   0.5599
 -3.1486   0.5599
 -3.1230   0.5599
 -3.0974   0.5599
 -3.0719   0.5599
 -3.0463   0.5598
 -3.0207   0.5598
 -2.9951   0.5598
 -2.9695   0.5598
 -2.9439   0.5598
 -2.9183   0.5598
 -2.8926   0.5598
 -2.8670   0.5597
 -2.8413   0.5597
 -2.8157   0.5597
 -2.7900   0.5597
 -2.7644   0.5596
 -2.7387   0.5596
 -2.7130   0.5596
 -2.6873   0.5596
 -2.6616   0.5595
 -2.6359   0.5595
 -2.6101   0.5595
 -2.5844   0.5594
 -2.5587   0.5594
 -2.5329   0.5593
 -2.5071   0.5593
 -2.4813   0.5592
 -2.4556   0.5592
 -2.4297   0.5591
 -2.4039   0.5591
 -2.3781   0.5590
 -2.3523   0.5589
 -2.3264   0.5588
 -2.3005   0.5588
 -2.2746   0.5587
 -2.2487   0.5586
 -2.2228   0.5585
 -2.1969   0.5584
 -2.1709   0.5583
 -2.1450   0.5581
 -2.1190   0.5580
 -2.0930   0.5578
 -2.0670   0.5577
 -2.0409   0.5575
 -2.0149   0.5573
 -1.9888   0.5571
 -1.9627   0.5569
 -1.9366   0.5566
 -1.9105   0.5564
 -1.8844   0.5561
 -1.8582   0.5558
 -1.8320   0.5555
 -1.8058   0.5551
 -1.7796   0.5547
 -1.7533   0.5543
 -1.7271   0.5538
 -1.7008   0.5533
 -1.6745   0.5527
 -1.6482   0.5521
 -1.6218   0.5514
 -1.5955   0.5507
 -1.5691   0.5499
 -1.5427   0.5490
 -1.5163   0.5480
 -1.4899   0.5470
 -1.4635   0.5459
 -1.4371   0.5446
 -1.4107   0.5433
 -1.3843   0.5418
 -1.3578   0.5402
 -1.3314   0.5385
 -1.3050   0.5366
 -1.2786   0.5346
 -1.2522   0.5324
 -1.2258   0.5300
 -1.1995   0.5275
 -1.1731   0.5248
 -1.1468   0.5219
 -1.1205   0.5188
 -1.0943   0.5156
 -1.0680   0.5122
 -1.0417   0.5087
 -1.0155   0.5051
 -0.9891   0.5014
 -0.9627   0.4978
 -0.9361   0.4944
 -0.9091   0.4916
 -0.8811   0.4903
 -0.8458   0.5012
 -0.8611   0.5245
 -0.8773   0.5462
 -0.8938   0.5673
 -0.9103   0.5882
 -0.9269   0.6089
 -0.9433   0.6296
 -0.9597   0.6504
 -0.9759   0.6712
 -0.9921   0.6921
 -1.0080   0.7132
 -1.0239   0.7343
 -1.0396   0.7556
 -1.0551   0.7769
 -1.0706   0.7984
 -1.0858   0.8200
 -1.1010   0.8416
 -1.1160   0.8634
 -1.1309   0.8852
 -1.1457   0.9072
 -1.1603   0.9291
 -1.1749   0.9512
 -1.1894   0.9733
 -1.2037   0.9954
 -1.2180   1.0176
 -1.2322   1.0398
 -1.2464   1.0621
 -1.2604   1.0844
 -1.2744   1.1067
 -1.2883   1.1290
 -1.3022   1.1513
 -1.3160   1.1737
 -1.3298   1.1961
 -1.3435   1.2184
 -1.3571   1.2408
 -1.3708   1.2632
 -1.3844   1.2856
 -1.3979   1.3079
 -1.4114   1.3303
 -1.4249   1.3527
 -1.4383   1.3751
 -1.4518   1.3974
 -1.4652   1.4198
 -1.4785   1.4421
 -1.4919   1.4645
 -1.5052   1.4868
 -1.5185   1.5092
 -1.5318   1.5315
 -1.5450   1.5538
 -1.5583   1.5761
 -1.5715   1.5984
 -1.5847   1.6207
 -1.5979   1.6430
 -1.6111   1.6653
 -1.6242   1.6876
 -1.6374   1.7098
 -1.6505   1.7321
 -1.6637   1.7543
 -1.6768   1.7766
 -1.6899   1.7988
 -1.7030   1.8210
 -1.7161   1.8433
 -1.7291   1.8655
 -1.7422   1.8877
 -1.7552   1.9099
 -1.7683   1.9320
 -1.7813   1.9542
 -1.7944   1.9764
 -1.8074   1.9986
 -1.8204   2.0207
 -1.8334   2.0429
 -1.8464   2.0650
 -1.8594   2.0872
 -1.8724   2.1093
 -1.8854   2.1314
 -1.8983   2.1535
 -1.9113   2.1756
 -1.9243   2.1978
 -1.9372   2.2199
 -1.9502   2.2419
 -1.9631   2.2640
 -1.9761   2.2861
 -1.9890   2.3082
 -2.0019   2.3303
 -2.0149   2.3523
 -2.0278   2.3744
 -2.0407   2.3965
 -2.0536   2.4185
 -2.0666   2.4406
 -2.0795   2.4626
 -2.0924   2.4847
 -2.1053   2.5067
 -2.1182   2.5287
 -2.1311   2.5508
 -2.1439   2.5728
 -2.1568   2.5948
 -2.1697   2.6168
 -2.1826   2.6388
 -2.1955   2.6608
 -2.2084   2.6828

