 -3.4722   0.4400
 -3.4468   0.4400
 -3.4214   0.4400
 -3.3960   0.4400
 -3.3706   0.4400
 -3.3452   0.4400
 -3.3198   0.4400
 -3.2944   0.4400
 -3.2690   0.4400
 -3.2435   0.4399
 -3.2181   0.4399
 -3.1927   0.4399
 -3.1673   0.4399
 -3.1418   0.4399
 -3.1164   0.4399
 -3.0909   0.4399
 -3.0655   0.4399
 -3.0400   0.4399
 -3.0146   0.4399
 -2.9891   0.4398
 -2.9636   0.4398
 -2.9382   0.4398
 -2.9127   0.4398
 -2.8872   0.4398
 -2.8617   0.4398
 -2.8362   0.4398
 -2.8108   0.4397
 -2.7853   0.4397
 -2.7597   0.4397
 -2.7342   0.4397
 -2.7087   0.4397
 -2.6832   0.4396
 -2.6577   0.4396
 -2.6321   0.4396
 -2.6066   0.4395
 -2.5810   0.4395
 -2.5555   0.4395
 -2.5299   0.4394
 -2.5044   0.4394
 -2.4788   0.4394
 -2.4532   0.4393
 -2.4276   0.4393
 -2.4020   0.4392
 -2.3764   0.4392
 -2.3508   0.4391
 -2.3252   0.4390
 -2.2995   0.4390
 -2.2739   0.4389
 -2.2482   0.4388
 -2.2226   0.4387
 -2.1969   0.4386
 -2.1712   0.4385
 -2.1455   0.4384
 -2.1198   0.4383
 -2.0941   0.4382
 -2.0684   0.4381
 -2.0427   0.4379
 -2.0170   0.4378
 -1.9912   0.4376
 -1.9654   0.4374
 -1.9397   0.4372
 -1.9139   0.4370
 -1.8881   0.4367
 -1.8623   0.4365
 -1.8365   0.4362
 -1.8106   0.4359
 -1.7848   0.4356
 -1.7589   0.4352
 -1.7331   0.4348
 -1.7072   0.4344
 -1.6813   0.4339
 -1.6554   0.4334
 -1.6295   0.4328
 -1.6036   0.4322
 -1.5776   0.4315
 -1.5517   0.4308
 -1.5258   0.4300
 -1.4998   0.4291
 -1.4739   0.4282
 -1.4479   0.4272
 -1.4220   0.4260
 -1.3960   0.4248
 -1.3701   0.4235
 -1.3441   0.4221
 -1.3182   0.4205
 -1.2923   0.4188
 -1.2664   0.4170
 -1.2405   0.4151
 -1.2146   0.4131
 -1.1887   0.4109
 -1.1628   0.4085
 -1.1370   0.4061
 -1.1111   0.4035
 -1.0853   0.4008
 -1.0594   0.3981
 -1.0335   0.3953
 -1.0075   0.3926
 -0.9815   0.3901
 -0.9551   0.3880
 -0.9282   0.3872
 -0.8968   0.3965
 -0.9160   0.4153
 -0.9357   0.4328
 -0.9556   0.4498
 -0.9755   0.4666
 -0.9954   0.4834
 -1.0152   0.5001
 -1.0350   0.5169
 -1.0547   0.5338
 -1.0744   0.5507
 -1.0939   0.5677
 -1.1134   0.5849
 -1.1328   0.6021
 -1.1521   0.6195
 -1.1713   0.6370
 -1.1904   0.6545
 -1.2094   0.6722
 -1.2284   0.6899
 -1.2473   0.7077
 -1.2661   0.7256
 -1.2848   0.7436
 -1.3034   0.7616
 -1.3220   0.7797
 -1.3406   0.7978
 -1.3591   0.8160
 -1.3775   0.8342
 -1.3959   0.8525
 -1.4142   0.8708
 -1.4325   0.8891
 -1.4508   0.9074
 -1.4690   0.9258
 -1.4871   0.9442
 -1.5053   0.9626
 -1.5234   0.9811
 -1.5415   0.9995
 -1.5595   1.0180
 -1.5775   1.0365
 -1.5955   1.0549
 -1.6135   1.0734
 -1.6314   1.0919
 -1.6494   1.1104
 -1.6673   1.1289
 -1.6852   1.1474
 -1.7030   1.1659
 -1.7209   1.1844
 -1.7387   1.2029
 -1.7566   1.2215
 -1.7744   1.2400
 -1.7922   1.2585
 -1.8099   1.2770
 -1.8277   1.2955
 -1.8455   1.3140
 -1.8632   1.3325
 -1.8809   1.3510
 -1.8987   1.3695
 -1.9164   1.3880
 -1.9341   1.4065
 -1.9518   1.4250
 -1.9695   1.4435
 -1.9871   1.4620
 -2.0048   1.4805
 -2.0225   1.4990
 -2.0401   1.5175
 -2.0578   1.5360
 -2.0754   1.5544
 -2.0930   1.5729
 -2.1107   1.5914
 -2.1283   1.6099
 -2.1459   1.6283
 -2.1635   1.6468
 -2.1811   1.6653
 -2.1987   1.6837
 -2.2163   1.7022
 -2.2339   1.7206
 -2.2515   1.7391
 -2.2691   1.7575
 -2.2867   1.7760
 -2.3042   1.7944
 -2.3218   1.8129
 -2.3394   1.8313
 -2.3569   1.8498
 -2.3745   1.8682
 -2.3920   1.8866
 -2.4096   1.9051
 -2.4271   1.9235
 -2.4447   1.9419
 -2.4622   1.9603
 -2.4797   1.9788
 -2.4973   1.9972
 -2.5148   2.0156
 -2.5323   2.0340
 -2.5498   2.0524
 -2.5674   2.0708
 -2.5849   2.0892
 -2.6024   2.1077
 -2.6199   2.1261
 -2.6374   2.1445
 -2.6549   2.1629
 -2.6724   2.1813
 -2.6899   2.1997

