 -3.4655   0.4900
 -3.4401   0.4900
 -3.4147   0.4900
 -3.3892   0.4900
 -3.3638   0.4900
 -3.3383   0.4900
 -3.3129   0.4900
 -3.2874   0.4900
 -3.2619   0.4899
 -3.2365   0.4899
 -3.2110   0.4899
 -3.1855   0.4899
 -3.1600   0.4899
 -3.1345   0.4899
 -3.1091   0.4899
 -3.0836   0.4899
 -3.0581   0.4899
 -3.0326   0.4899
 -3.0070   0.4898
 -2.9815   0.4898
 -2.9560   0.4898
 -2.9305   0.4898
 -2.9049   0.4898
 -2.8794   0.4898
 -2.8539   0.4897
 -2.8283   0.4897
 -2.8027   0.4897
 -2.7772   0.4897
 -2.7516   0.4897
 -2.7260   0.4896
 -2.7004   0.4896
 -2.6748   0.4896
 -2.6492   0.4896
 -2.6236   0.4895
 -2.5980   0.4895
 -2.5724   0.4895
 -2.5468   0.4894
 -2.5211   0.4894
 -2.4955   0.4893
 -2.4698   0.4893
 -2.4441   0.4892
 -2.4185   0.4892
 -2.3928   0.4891
 -2.3671   0.4891
 -2.3414   0.4890
 -2.3156   0.4889
 -2.2899   0.4889
 -2.2642   0.4888
 -2.2384   0.4887
 -2.2126   0.4886
 -2.1869   0.4885
 -2.1611   0.4884
 -2.1353   0.4883
 -2.1095   0.4881
 -2.0836   0.4880
 -2.0578   0.4878
 -2.0320   0.4877
 -2.0061   0.4875
 -1.9802   0.4873
 -1.9543   0.4871
 -1.9284   0.4869
 -1.9025   0.4866
 -1.8765   0.4864
 -1.8506   0.4861
 -1.8246   0.4857
 -1.7987   0.4854
 -1.7727   0.4850
 -1.7466   0.4846
 -1.7206   0.4842
 -1.6946   0.4837
 -1.6685   0.4832
 -1.6425   0.4826
 -1.6164   0.4819
 -1.5903   0.4812
 -1.5642   0.4805
 -1.5381   0.4797
 -1.5120   0.4788
 -1.4859   0.4778
 -1.4597   0.4767
 -1.4336   0.4756
 -1.4075   0.4743
 -1.3813   0.4729
 -1.3552   0.4714
 -1.3291   0.4698
 -1.3030   0.4681
 -1.2769   0.4662
 -1.2508   0.4642
 -1.2247   0.4620
 -1.1986   0.4597
 -1.1726   0.4572
 -1.1466   0.4546
 -1.1205   0.4518
 -1.0945   0.4489
 -1.0685   0.4459
 -1.0425   0.4428
 -1.0164   0.4397
 -0.9903   0.4366
 -0.9640   0.4337
 -0.9374   0.4314
 -0.9101   0.4304
 -0.8772   0.4404
 -0.8949   0.4611
 -0.9132   0.4804
 -0.9318   0.4992
 -0.9504   0.5177
 -0.9690   0.5362
 -0.9876   0.5546
 -1.0060   0.5731
 -1.0244   0.5917
 -1.0427   0.6104
 -1.0609   0.6291
 -1.0789   0.6480
 -1.0969   0.6670
 -1.1147   0.6861
 -1.1325   0.7052
 -1.1501   0.7245
 -1.1676   0.7439
 -1.1851   0.7634
 -1.2024   0.7830
 -1.2197   0.8026
 -1.2368   0.8223
 -1.2539   0.8421
 -1.2709   0.8619
 -1.2878   0.8818
 -1.3047   0.9017
 -1.3215   0.9217
 -1.3382   0.9417
 -1.3549   0.9617
 -1.3715   0.9818
 -1.3881   1.0019
 -1.4046   1.0220
 -1.4211   1.0421
 -1.4375   1.0623
 -1.4539   1.0825
 -1.4703   1.1026
 -1.4866   1.1228
 -1.5029   1.1430
 -1.5192   1.1632
 -1.5354   1.1834
 -1.5516   1.2036
 -1.5678   1.2238
 -1.5840   1.2440
 -1.6001   1.2642
 -1.6162   1.2844
 -1.6323   1.3047
 -1.6484   1.3249
 -1.6645   1.3451
 -1.6805   1.3653
 -1.6966   1.3855
 -1.7126   1.4057
 -1.7286   1.4259
 -1.7446   1.4460
 -1.7605   1.4662
 -1.7765   1.4864
 -1.7924   1.5066
 -1.8084   1.5268
 -1.8243   1.5469
 -1.8402   1.5671
 -1.8561   1.5873
 -1.8720   1.6074
 -1.8879   1.6276
 -1.9038   1.6477
 -1.9196   1.6678
 -1.9355   1.6880
 -1.9514   1.7081
 -1.9672   1.7282
 -1.9830   1.7484
 -1.9989   1.7685
 -2.0147   1.7886
 -2.0305   1.8087
 -2.0463   1.8288
 -2.0621   1.8489
 -2.0779   1.8690
 -2.0937   1.8891
 -2.1095   1.9092
 -2.1253   1.9293
 -2.1411   1.9494
 -2.1568   1.9695
 -2.1726   1.9895
 -2.1884   2.0096
 -2.2041   2.0297
 -2.2199   2.0498
 -2.2356   2.0698
 -2.2514   2.0899
 -2.2671   2.1099
 -2.2829   2.1300
 -2.2986   2.1500
 -2.3143   2.1701
 -2.3301   2.1901
 -2.3458   2.2102
 -2.3615   2.2302
 -2.3772   2.2502
 -2.3929   2.2703
 -2.4086   2.2903
 -2.4243   2.3103
 -2.4401   2.3304
 -2.4558   2.3504
 -2.4714   2.3704
 -2.4871   2.3904
 -2.5028   2.4104

