 -3.4641   0.5000
 -3.4387   0.5000
 -3.4132   0.5000
 -3.3878   0.5000
 -3.3623   0.5000
 -3.3368   0.5000
 -3.3114   0.5000
 -3.2859   0.5000
 -3.2604   0.4999
 -3.2350   0.4999
 -3.2095   0.4999
 -3.1840   0.4999
 -3.1585   0.4999
 -3.1330   0.4999
 -3.1075   0.4999
 -3.0820   0.4999
 -3.0565   0.4999
 -3.0310   0.4999
 -3.0054   0.4998
 -2.9799   0.4998
 -2.9544   0.4998
 -2.9288   0.4998
 -2.9033   0.4998
 -2.8777   0.4998
 -2.8522   0.4997
 -2.8266   0.4997
 -2.8010   0.4997
 -2.7754   0.4997
 -2.7499   0.4997
 -2.7243   0.4996
 -2.6987   0.4996
 -2.6731   0.4996
 -2.6474   0.4995
 -2.6218   0.4995
 -2.5962   0.4995
 -2.5705   0.4994
 -2.5449   0.4994
 -2.5192   0.4994
 -2.4936   0.4993
 -2.4679   0.4993
 -2.4422   0.4992
 -2.4165   0.4992
 -2.3908   0.4991
 -2.3651   0.4990
 -2.3393   0.4990
 -2.3136   0.4989
 -2.2879   0.4988
 -2.2621   0.4987
 -2.2363   0.4987
 -2.2105   0.4986
 -2.1847   0.4985
 -2.1589   0.4983
 -2.1331   0.4982
 -2.1073   0.4981
 -2.0814   0.4979
 -2.0555   0.4978
 -2.0297   0.4976
 -2.0038   0.4974
 -1.9779   0.4972
 -1.9519   0.4970
 -1.9260   0.4968
 -1.9001   0.4966
 -1.8741   0.4963
 -1.8481   0.4960
 -1.8221   0.4957
 -1.7961   0.4953
 -1.7701   0.4949
 -1.7440   0.4945
 -1.7180   0.4940
 -1.6919   0.4935
 -1.6658   0.4930
 -1.6397   0.4924
 -1.6136   0.4918
 -1.5875   0.4911
 -1.5613   0.4903
 -1.5352   0.4894
 -1.5090   0.4885
 -1.4829   0.4875
 -1.4567   0.4864
 -1.4305   0.4852
 -1.4043   0.4839
 -1.3782   0.4825
 -1.3520   0.4810
 -1.3259   0.4794
 -1.2997   0.4776
 -1.2736   0.4757
 -1.2474   0.4736
 -1.2213   0.4714
 -1.1952   0.4690
 -1.1691   0.4665
 -1.1431   0.4638
 -1.1170   0.4609
 -1.0910   0.4580
 -1.0649   0.4549
 -1.0389   0.4517
 -1.0128   0.4485
 -0.9866   0.4454
 -0.9603   0.4424
 -0.9336   0.4400
 -0.9062   0.4390
 -0.8729   0.4492
 -0.8903   0.4703
 -0.9084   0.4900
 -0.9266   0.5091
 -0.9450   0.5280
 -0.9633   0.5468
 -0.9816   0.5656
 -0.9998   0.5844
 -1.0179   0.6033
 -1.0358   0.6223
 -1.0537   0.6414
 -1.0715   0.6606
 -1.0891   0.6799
 -1.1067   0.6993
 -1.1241   0.7189
 -1.1414   0.7385
 -1.1586   0.7582
 -1.1757   0.7780
 -1.1927   0.7979
 -1.2096   0.8179
 -1.2265   0.8380
 -1.2432   0.8581
 -1.2599   0.8782
 -1.2764   0.8985
 -1.2930   0.9187
 -1.3094   0.9390
 -1.3258   0.9594
 -1.3421   0.9798
 -1.3584   1.0002
 -1.3746   1.0206
 -1.3907   1.0410
 -1.4069   1.0615
 -1.4229   1.0820
 -1.4390   1.1025
 -1.4550   1.1230
 -1.4709   1.1435
 -1.4869   1.1640
 -1.5028   1.1846
 -1.5186   1.2051
 -1.5345   1.2256
 -1.5503   1.2462
 -1.5661   1.2667
 -1.5818   1.2872
 -1.5976   1.3078
 -1.6133   1.3283
 -1.6290   1.3488
 -1.6447   1.3694
 -1.6604   1.3899
 -1.6760   1.4104
 -1.6917   1.4309
 -1.7073   1.4515
 -1.7229   1.4720
 -1.7385   1.4925
 -1.7541   1.5130
 -1.7696   1.5335
 -1.7852   1.5540
 -1.8007   1.5744
 -1.8163   1.5949
 -1.8318   1.6154
 -1.8473   1.6359
 -1.8628   1.6563
 -1.8783   1.6768
 -1.8938   1.6973
 -1.9093   1.7177
 -1.9247   1.7382
 -1.9402   1.7586
 -1.9557   1.7791
 -1.9711   1.7995
 -1.9866   1.8199
 -2.0020   1.8403
 -2.0174   1.8608
 -2.0328   1.8812
 -2.0483   1.9016
 -2.0637   1.9220
 -2.0791   1.9424
 -2.0945   1.9628
 -2.1099   1.9832
 -2.1253   2.0036
 -2.1406   2.0240
 -2.1560   2.0444
 -2.1714   2.0647
 -2.1868   2.0851
 -2.2021   2.1055
 -2.2175   2.1259
 -2.2329   2.1462
 -2.2482   2.1666
 -2.2636   2.1869
 -2.2789   2.2073
 -2.2942   2.2276
 -2.3096   2.2480
 -2.3249   2.2683
 -2.3403   2.2887
 -2.3556   2.3090
 -2.3709   2.3294
 -2.3862   2.3497
 -2.4016   2.3700
 -2.4169   2.3904
 -2.4322   2.4107
 -2.4475   2.4310
 -2.4628   2.4513

