 -3.4612   0.5200
 -3.4357   0.5200
 -3.4102   0.5200
 -3.3848   0.5200
 -3.3593   0.5200
 -3.3338   0.5200
 -3.3083   0.5200
 -3.2828   0.5200
 -3.2573   0.5199
 -3.2318   0.5199
 -3.2063   0.5199
 -3.1808   0.5199
 -3.1553   0.5199
 -3.1298   0.5199
 -3.1043   0.5199
 -3.0787   0.5199
 -3.0532   0.5199
 -3.0277   0.5198
 -3.0021   0.5198
 -2.9766   0.5198
 -2.9510   0.5198
 -2.9254   0.5198
 -2.8999   0.5198
 -2.8743   0.5198
 -2.8487   0.5197
 -2.8231   0.5197
 -2.7975   0.5197
 -2.7719   0.5197
 -2.7463   0.5196
 -2.7207   0.5196
 -2.6950   0.5196
 -2.6694   0.5196
 -2.6437   0.5195
 -2.6181   0.5195
 -2.5924   0.5195
 -2.5667   0.5194
 -2.5411   0.5194
 -2.5154   0.5193
 -2.4897   0.5193
 -2.4639   0.5192
 -2.4382   0.5192
 -2.4125   0.5191
 -2.3867   0.5191
 -2.3610   0.5190
 -2.3352   0.5189
 -2.3094   0.5189
 -2.2836   0.5188
 -2.2578   0.5187
 -2.2320   0.5186
 -2.2062   0.5185
 -2.1803   0.5184
 -2.1545   0.5183
 -2.1286   0.5181
 -2.1027   0.5180
 -2.0768   0.5179
 -2.0509   0.5177
 -2.0249   0.5175
 -1.9990   0.5173
 -1.9730   0.5171
 -1.9470   0.5169
 -1.9210   0.5167
 -1.8950   0.5164
 -1.8690   0.5161
 -1.8430   0.5158
 -1.8169   0.5155
 -1.7908   0.5151
 -1.7647   0.5147
 -1.7386   0.5143
 -1.7125   0.5138
 -1.6863   0.5133
 -1.6602   0.5127
 -1.6340   0.5121
 -1.6078   0.5114
 -1.5816   0.5107
 -1.5554   0.5099
 -1.5292   0.5090
 -1.5029   0.5080
 -1.4767   0.5070
 -1.4504   0.5058
 -1.4242   0.5046
 -1.3979   0.5032
 -1.3717   0.5018
 -1.3454   0.5002
 -1.3192   0.4985
 -1.2930   0.4966
 -1.2667   0.4946
 -1.2405   0.4924
 -1.2143   0.4901
 -1.1882   0.4876
 -1.1620   0.4850
 -1.1359   0.4822
 -1.1098   0.4792
 -1.0836   0.4761
 -1.0575   0.4729
 -1.0314   0.4695
 -1.0052   0.4662
 -0.9790   0.4629
 -0.9526   0.4598
 -0.9258   0.4573
 -0.8982   0.4562
 -0.8643   0.4666
 -0.8810   0.4884
 -0.8985   0.5088
 -0.9162   0.5286
 -0.9339   0.5481
 -0.9517   0.5676
 -0.9694   0.5870
 -0.9870   0.6065
 -1.0045   0.6260
 -1.0219   0.6457
 -1.0392   0.6655
 -1.0563   0.6853
 -1.0733   0.7053
 -1.0902   0.7254
 -1.1070   0.7456
 -1.1237   0.7659
 -1.1402   0.7863
 -1.1567   0.8067
 -1.1730   0.8273
 -1.1892   0.8479
 -1.2054   0.8686
 -1.2214   0.8894
 -1.2374   0.9102
 -1.2532   0.9311
 -1.2690   0.9520
 -1.2848   0.9730
 -1.3004   0.9940
 -1.3160   1.0150
 -1.3316   1.0361
 -1.3470   1.0572
 -1.3625   1.0783
 -1.3778   1.0994
 -1.3932   1.1205
 -1.4085   1.1417
 -1.4237   1.1628
 -1.4389   1.1840
 -1.4541   1.2051
 -1.4692   1.2263
 -1.4844   1.2475
 -1.4994   1.2687
 -1.5145   1.2898
 -1.5295   1.3110
 -1.5445   1.3322
 -1.5595   1.3533
 -1.5745   1.3745
 -1.5894   1.3957
 -1.6043   1.4168
 -1.6192   1.4380
 -1.6341   1.4591
 -1.6490   1.4802
 -1.6638   1.5014
 -1.6787   1.5225
 -1.6935   1.5436
 -1.7083   1.5648
 -1.7231   1.5859
 -1.7379   1.6070
 -1.7527   1.6281
 -1.7674   1.6492
 -1.7822   1.6703
 -1.7969   1.6913
 -1.8116   1.7124
 -1.8264   1.7335
 -1.8411   1.7546
 -1.8558   1.7756
 -1.8705   1.7967
 -1.8852   1.8177
 -1.8998   1.8388
 -1.9145   1.8598
 -1.9292   1.8808
 -1.9438   1.9019
 -1.9585   1.9229
 -1.9731   1.9439
 -1.9878   1.9649
 -2.0024   1.9859
 -2.0170   2.0069
 -2.0316   2.0279
 -2.0462   2.0489
 -2.0609   2.0699
 -2.0755   2.0909
 -2.0901   2.1119
 -2.1046   2.1329
 -2.1192   2.1538
 -2.1338   2.1748
 -2.1484   2.1958
 -2.1630   2.2167
 -2.1776   2.2377
 -2.1921   2.2586
 -2.2067   2.2796
 -2.2212   2.3005
 -2.2358   2.3215
 -2.2504   2.3424
 -2.2649   2.3633
 -2.2794   2.3843
 -2.2940   2.4052
 -2.3085   2.4261
 -2.3231   2.4470
 -2.3376   2.4680
 -2.3521   2.4889
 -2.3667   2.5098
 -2.3812   2.5307

